18.5631
18.1368
18.1541
18.2367
18.4031
18.1489
18.1556
18.3964
18.3082
18.5131
18.4248
18.6726
18.2073
18.1858
18.2756
18.1702
18.2498
18.3054
18.5041
17.8824
18.1562
18.1183
18.1282
17.9368
17.9206
18.1746
18.3132
18.0876
18.4171
17.8051
18.2903
17.9499
18.1588
18.3569
18.1617
18.3583
18.3107
18.213
18.495
18.0406
18.2019
18.6023
18.3767
18.3406
18.3157
18.3161
18.4515
18.276
18.2347
18.2746
18.1217
18.3215
18.4636
18.1479
17.7733
18.2967
18.662
18.5829
17.9101
18.4525
17.8869
18.3013
18.2227
18.208
18.0276
18.2626
18.2699
18.1184
18.3165
18.1052
18.0074
18.2568
18.2585
18.431
18.9813
17.8738
18.7355
18.23
18.4853
18.2241
18.4182
17.8878
18.1818
18.3689
18.3401
18.3167
18.2766
18.0546
18.5356
18.5864
18.4971
18.0958
18.1947
18.4072
18.1383
18.226
18.4432
17.8378
18.0098
17.9709
18.2244
18.6375
18.6093
18.1802
17.833
18.4524
18.4569
18.8786
18.523
18.403
18.2557
18.0952
18.4801
18.3763
18.5002
18.0137
18.1364
18.0233
18.2541
18.2779
18.1401
18.1128
18.5115
18.3106
17.7781
17.7396
18.0709
18.1663
18.3381
18.1185
17.9913
18.3437
18.3035
18.857
18.2806
18.443
18.1115
18.454
18.144
18.1456
18.243
18.4219
18.2209
18.1011
18.4362
18.1566
18.2519
18.563
18.4178
18.1765
18.2903
18.1862
18.4361
18.6774
18.087
18.6003
18.2254
18.2322
18.3196
18.3365
18.4858
18.149
18.1248
18.4255
18.4773
18.3669
18.7652
18.3692
17.9206
18.3429
18.4377
18.1491
18.4678
18.3721
18.3884
18.3135
18.2469
18.5991
18.2082
18.3314
18.3351
17.8927
18.2262
18.1278
18.2732
18.3797
18.0066
18.0926
18.6553
18.833
18.6733
17.9157
18.3023
18.0916
18.6165
18.1921
18.8254
17.959
18.3652
18.2362
18.498
18.2217
18.2416
17.927
18.1814
18.1483
18.4828
18.0394
18.0535
18.11
18.2931
18.4569
17.8871
18.3126
17.8841
18.3989
18.079
17.9187
18.3747
18.0463
18.0714
18.2982
17.7725
18.1119
18.0209
18.2172
18.4995
18.3359
18.2456
18.0895
18.4061
18.2673
18.5721
17.9807
18.129
17.9988
18.076
17.9823
17.709
17.9599
17.8837
18.2421
18.4867
18.3988
18.5286
17.9445
17.888
17.949
17.7106
17.7777
17.969
18.4829
18.2178
18.3136
18.5808
18.1927
18.1319
18.3918
17.9953
18.1077
18.3366
18.2684
17.9138
18.5119
17.9529
18.3181
18.381
17.8484
18.0767
18.2737
18.2669
18.23
18.1906
18.4559
18.6746
18.1147
17.8982
17.9272
18.0221
17.8519
18.0481
18.083
18.1791
18.4351
18.0161
18.6206
18.0906
18.3271
18.1101
18.3567
18.1863
18.1971
17.7994
18.3055
18.2695
18.4977
17.9657
18.3018
18.0704
17.8191
18.3581
17.9071
18.3081
17.8629
18.1939
17.8737
18.0562
18.1332
17.788
18.369
18.3324
18.4103
18.1058
17.9769
17.8965
18.1249
18.2762
18.2336
18.1452
17.9691
18.3164
18.0522
17.8786
18.0529
18.5888
18.4564
18.1341
18.045
18.2074
18.1586
17.6626
18.0246
18.1903
18.3852
17.9573
18.2966
18.4039
18.2049
18.0077
18.2381
18.1763
18.3814
17.9627
17.9438
18.1686
17.9864
18.22
18.5224
18.5604
18.2107
18.1195
18.301
17.9543
18.602
18.1182
17.9437
18.3738
17.8575
18.1043
18.2024
18.3557
18.3064
18.6241
18.166
18.1057
17.9777
18.1748
18.2404
17.9489
17.7057
18.0796
18.2691
17.8746
17.6203
18.2819
18.225
18.42
18.1027
18.1016
18.1652
17.8609
18.4275
17.9118
18.4014
18.0803
18.0259
18.1811
17.9547
17.691
18.7125
18.7529
18.8694
18.5402
18.2495
18.6468
18.5256
18.7558
18.4026
18.1861
18.165
18.4009
18.6109
18.5956
18.0428
18.5733
18.3371
18.0619
18.0476
18.7781
18.2231
18.3009
18.6955
18.5789
18.3764
18.5532
18.3761
18.2695
18.387
18.5936
18.3606
18.4046
18.772
18.4339
18.6405
18.0248
18.3133
18.451
18.4853
18.5595
18.3364
18.8007
18.2894
18.1992
18.6185
18.3043
18.9461
18.703
18.1396
18.362
18.1279
18.0801
18.639
18.1952
18.0882
18.3512
18.2085
18.3491
18.3867
18.7515
18.3969
18.6427
18.0528
18.3605
18.3687
18.5149
18.2267
18.3367
18.0784
18.54
17.9851
19.1222
18.2876
18.6489
18.357
18.456
18.7267
18.6957
18.7104
18.5511
18.4005
18.157
18.5107
18.2992
18.8523
18.5895
18.0648
18.7141
18.5327
18.5579
18.3453
18.0655
18.5537
18.2179
18.367
18.551
18.2065
18.3396
18.1399
18.0659
18.49
18.6874
18.058
18.1526
17.7932
18.2039
17.8044
18.2081
18.1554
18.1751
17.9222
17.9248
17.9344
18.0953
18.4925
17.9046
17.7825
18.0414
18.1115
18.1646
18.2606
18.1337
18.4394
18.1774
18.6438
18.2095
18.2021
18.5287
18.2332
17.8998
17.7378
18.0211
18.6962
17.4722
18.2489
18.2196
18.6862
17.9457
18.457
18.2537
18.3245
18.1345
18.247
18.3033
18.1437
18.0526
18.6796
18.4739
17.8765
18.2655
18.3618
17.9457
18.2821
18.0417
18.3356
18.4211
18.525
17.9291
18.2828
18.3942
18.2646
18.1515
18.3397
18.4386
18.3002
18.7151
18.0065
18.2114
18.39
18.2107
18.1108
18.0642
18.3134
18.1282
18.394
18.614
18.1278
18.3962
18.1535
18.5161
18.1842
18.1024
18.3448
18.6054
17.9681
18.3534
18.0445
18.2559
18.5006
18.1594
17.9081
18.317
18.3517
18.3495
18.4788
18.3608
18.1471
18.3917
18.2232
18.4593
18.3434
18.213
17.9667
18.5458
18.5109
18.3061
18.1876
18.2003
18.2071
18.1102
18.2836
18.3569
18.6199
18.2455
18.477
18.4204
18.3078
18.2545
18.3181
18.523
18.1938
18.154
18.306
17.8417
18.5391
18.3533
18.2176
17.9958
18.548
18.3518
18.0527
18.1665
18.2666
18.6294
18.1634
18.2931
18.3039
18.4404
18.0934
18.5594
18.44
18.9211
18.2213
18.0426
18.4144
18.2733
18.1511
18.1733
18.4001
18.1152
18.0018
18.403
18.423
18.4535
18.4232
18.5433
18.1666
18.2904
18.4768
18.1861
18.6081
18.5837
18.4367
18.1705
18.589
17.9985
18.3487
18.6841
18.2014
18.2848
17.9689
18.5025
18.3051
18.1501
18.4011
18.2437
18.3057
18.4854
18.3718
18.3713
17.9349
18.6719
18.595
18.029
18.1205
18.2404
18.3588
18.4515
17.9638
17.98
18.1541
18.1809
18.1323
18.076
18.1393
17.9893
18.2047
18.5422
18.2466
18.1419
18.484
17.7064
18.1827
18.2103
18.5081
18.415
18.3955
18.4158
18.0757
17.9055
18.0271
18.0441
17.9734
18.656
18.2128
18.3889
18.3054
17.9147
18.4311
18.3221
18.2775
18.4459
18.1889
18.2309
18.3168
18.4267
18.4369
18.2792
18.5681
18.0349
18.1902
18.6229
18.638
18.4337
18.3739
18.0401
18.4223
18.054
18.0003
18.0995
18.4562
18.4232
18.2415
18.4456
18.4842
18.2995
18.523
18.1697
18.5099
18.1497
18.3971
17.8323
18.3546
17.788
18.8093
18.3397
18.0953
18.481
18.3602
18.1723
18.56
18.0725
18.3607
18.4983
18.2524
17.9698
18.2568
18.3435
18.4269
18.5885
18.0404
18.5248
18.7175
18.0183
18.7592
18.3912
18.2298
18.6276
18.447
17.799
18.0307
18.2578
18.5583
18.3071
18.21
18.5875
18.2139
18.4942
18.4783
17.9984
17.9873
17.9941
18.2486
18.389
18.4879
18.3788
18.1187
18.129
18.1122
18.3125
18.1976
18.2914
17.965
17.855
18.4741
18.384
18.3537
18.3355
18.3953
18.1658
18.4287
18.2273
18.4335
18.4515
18.1745
18.6761
18.3437
18.1883
18.0461
18.2254
18.2905
18.4286
18.1206
18.5502
18.3968
18.2645
18.4232
18.3493
18.1325
18.3522
18.1812
18.494
18.5712
18.2632
18.3914
18.2016
18.3256
18.53
18.6429
18.5551
17.9881
18.3792
18.2194
18.689
18.182
18.4624
18.4193
18.1361
18.4382
18.4645
18.3728
18.6509
18.2537
17.9908
18.3095
18.2336
18.5679
18.7951
18.3585
18.4457
18.6799
18.123
18.2766
18.3845
18.3124
18.6304
17.8116
18.1588
18.1508
18.1482
18.1715
18.5747
18.1702
18.0946
18.338
18.282
17.9474
18.119
18.2791
18.1755
18.0782
18.2072
17.9582
18.1349
18.225
17.9471
17.7892
18.3835
18.1829
18.375
18.3402
18.1662
18.4897
18.1441
18.2707
18.0007
18.1885
18.3693
18.08
18.1585
18.2948
18.1147
18.5655
17.9779
18.2454
18.2387
18.3962
17.7879
18.4133
18.1939
17.974
18.3882
18.1153
18.3142
18.1903
18.1662
18.3323
17.8192
18.1128
17.9606
17.8524
18.389
18.0743
17.8664
18.0731
18.2136
18.1173
18.2175
18.2864
18.0823
18.313
18.3544
18.1088
18.0448
17.9979
18.606
18.1918
18.0647
18.4081
18.0577
18.3567
18.3955
18.2748
18.4191
18.3815
18.2784
18.2059
18.2682
18.479
18.0944
18.1318
18.347
18.2053
18.1646
18.1353
18.4695
18.1488
18.6051
17.9724
18.0191
18.3436
18.172
17.9746
18.1875
18.3396
18.3711
18.2217
18.4486
17.9011
18.5711
18.111
18.0062
18.3591
18.7074
18.3016
18.5004
17.9558
18.4701
18.0434
18.2184
18.3357
18.5826
18.1684
18.336
17.7071
18.0168
18.2642
18.1761
18.4296
18.3198
18.4538
18.247
17.9506
18.3566
18.4205
18.6048
18.4121
18.5513
18.0648
17.7872
18.4166
18.658
18.1746
18.2124
18.3457
17.9179
17.9498
18.3513
18.162
18.4291
18.2378
18.2249
17.7748
18.5745
18.1236
18.352
18.3698
18.1017
18.6805
18.2296
18.6214
18.1534
18.4611
18.6483
18.5974
17.9907
18.2981
18.273
18.0553
18.5135
18.3566
17.8775
18.5761
18.4411
18.3241
17.8824
18.0958
18.1966
18.4177
18.1866
17.9079
18.1446
18.1843
18.0993
18.5748
18.1086
18.1575
17.9054
18.1484
18.2647
18.2569
18.2582
17.7391
18.2509
18.3791
18.2127
17.9568
18.1699
18.1821
17.8078
18.0255
18.2024
18.218
18.683
18.1823
17.8293
18.2736
18.2353
17.9436
18.2289
18.3719
18.0183
17.805
18.1561
18.3849
18.23
18.3559
18.2143
18.7391
18.0777
18.2824
18.325
18.3327
18.2429
18.4343
17.8572
17.7089
17.8074
17.8857
18.3717
18.82
18.3288
18.0493
18.4823
17.6025
18.1023
18.204
17.9715
18.6284
18.0356
18.0446
18.235
18.0104
18.4013
18.3002
18.218
17.8942
18.3224
18.2626
18.2401
18.3306
18.1378
18.3488
17.9606
18.2361
18.3976
18.0714
18.4563
18.6022
18.0681
18.3846
18.2218
18.182
18.0534
18.0414
18.2249
18.0148
17.9752
17.9732
17.7762
17.9641
17.8403
18.1811
17.8327
18.2373
18.5436
18.575
18.4536
18.3446
18.086
18.2804
18.3944
18.461
18.2078
18.1642
18.303
18.2574
18.365
18.5162
18.4541
18.4017
18.0971
18.3651
17.9768
18.5842
18.1849
18.7742
18.6152
18.7413
18.8502
18.3207
18.5004
18.6066
17.8779
18.1511
18.5118
18.3116
18.3781
18.5525
18.3088
18.2763
18.4496
18.3909
18.3618
18.1334
18.4363
18.9424
18.6522
18.168
18.1322
18.4283
18.4971
18.4637
18.6025
18.3019
17.9714
18.4213
18.1456
18.6463
18.7312
18.5767
18.4673
18.6164
18.7032
18.354
18.7618
18.4239
18.3849
18.2659
18.9648
18.5509
18.4075
18.5559
18.188
18.9103
18.5881
18.3873
18.7395
18.2309
18.4363
18.2103
18.4086
18.7135
18.3392
17.9729
18.3289
18.254
18.057
18.296
18.9566
17.9296
17.8635
17.9651
17.8632
17.777
18.2621
18.1608
18.0482
18.2167
18.1373
18.2866
18.0954
17.7192
18.1193
18.03
18.0962
17.9168
17.8317
18.3144
18.1211
17.9085
18.1834
18.0577
18.2016
18.1248
17.5755
17.64
18.1745
18.4043
17.9121
18.0341
18.0773
18.3451
18.3012
17.9543
17.9625
18.3399
18.0253
17.9882
17.7202
17.7239
18.0434
18.0786
18.2855
18.2679
17.9145
17.9845
18.3351
17.4984
18.1264
17.8579
18.1782
18.2527
17.7352
18.1077
18.1071
18.2737
18.5458
18.0861
18.1908
17.9889
18.1252
18.5067
18.3572
17.9958
18.1431
17.99
18.3923
18.0837
17.9641
18.0107
17.8761
18.0909
18.1741
18.1582
18.0651
17.8772
18.0762
18.0449
18.0876
17.9739
18.0764
17.6253
18.1389
17.5943
18.43
18.2247
18.4682
18.0634
17.9847
18.2469
17.9738
18.0448
18.1684
18.106
18.0242
18.0323
17.7769
18.2154
18.3742
18.04
18.1328
18.1421
17.8616
18.2507
18.448
17.9469
18.3457
18.3855
17.8167
18.0757
17.8608
18.1618
18.5955
17.9149
18.2439
18.1969
18.4336
18.3359
18.1932
17.9855
18.665
18.2953
17.874
18.1261
17.8465
17.6854
18.0717
18.4037
18.1519
18.1794
18.0402
17.8307
18.0711
17.9517
17.9133
18.3719
18.1925
18.2886
18.4525
18.1757
18.1039
17.9442
18.3838
18.2023
17.8359
18.0147
18.0188
18.0875
17.9164
18.114
17.9533
18.1877
18.1298
18.4589
18.2741
18.1467
18.247
18.0345
18.2372
18.1852
18.3677
18.2982
18.0909
18.4457
18.5129
18.0051
17.8293
18.2562
17.569
18.3
18.5998
18.0884
18.3461
18.1208
18.0667
18.3101
18.4306
18.2936
18.1726
18.4048
18.5371
18.2451
18.418
17.9497
18.4063
18.3575
18.2167
18.128
18.4215
18.0499
18.3302
18.2925
17.6639
18.4346
18.1901
18.345
18.4868
18.5427
18.2672
18.5421
18.2365
18.1728
18.4715
17.9673
18.3156
18.4751
18.1051
18.4969
18.2492
17.8204
18.5242
18.2918
18.5124
18.1932
18.1546
18.5321
17.946
18.253
18.2433
18.174
17.9546
18.294
18.3976
18.4279
18.1321
18.2035
18.2339
18.281
17.6547
18.4182
17.9941
18.8077
18.4559
18.443
18.0295
18.219
18.1748
18.0378
18.4063
17.9881
17.8255
18.2435
18.3104
18.2583
18.4142
18.4476
18.018
18.321
18.3678
17.7855
18.2596
18.618
17.5232
18.3811
18.4579
17.665
18.7027
18.3636
17.8167
18.4796
18.2145
18.1826
18.3394
18.1364
18.6715
18.2391
18.1723
18.6377
18.5023
17.974
18.3911
18.4048
18.2925
18.5924
18.4928
18.3441
17.9484
18.3381
18.4288
18.222
18.4107
18.1643
18.571
18.482
17.9097
18.0976
18.1389
18.6245
17.9795
18.05
18.2363
18.0619
18.133
18.6043
18.4411
18.531
18.2192
18.609
18.5514
18.0915
18.812
18.3795
18.394
18.1039
18.2162
18.1927
18.4181
18.5047
18.2454
18.75
18.5758
18.3337
18.5488
18.0934
18.0348
17.8065
18.2991
18.2795
18.2323
18.2731
18.0962
18.3313
18.305
18.2665
18.4685
18.3973
18.6285
18.3695
18.3287
18.6221
18.4301
18.3125
17.9422
17.8822
18.0918
18.295
18.0979
18.0442
18.4379
18.1097
18.1995
17.9188
18.1535
18.0746
18.0382
18.0842
18.3176
17.9889
18.089
18.1216
18.098
17.7835
18.3102
18.5213
18.2432
18.2268
18.3108
18.2523
18.2149
18.1707
18.3362
18.4137
18.1129
17.942
18.5242
17.7686
18.5465
18.2239
18.2209
18.1932
18.2414
18.2874
18.4445
18.2673
18.2234
18.0464
18.1256
18.2915
18.3119
18.0277
18.0942
18.0773
18.6946
17.8303
18.2351
18.1992
18.0772
18.5203
18.1212
18.4472
18.1504
18.4556
18.5084
18.3078
18.4153
17.8426
18.6312
18.4738
18.3759
18.1557
18.3999
18.4125
18.1344
18.6712
18.0984
18.0458
18.2857
18.0626
17.8786
18.0701
17.7893
18.2612
18.4693
18.1414
17.8934
17.8224
18.5097
17.9329
18.5598
17.929
18.1168
18.2047
18.0227
17.5865
18.1329
18.0317
18.0832
18.1097
17.8009
18.3996
18.1944
17.9229
18.3091
18.3699
18.1506
17.9617
18.4879
17.9357
18.1097
17.8763
17.9788
17.9759
18.2537
18.2609
17.8972
18.0808
17.9378
18.0346
18.035
17.9355
18.4432
18.1744
17.9789
17.8184
18.1314
18.1751
18.0293
18.1675
18.2778
18.0351
17.9842
17.9969
18.1403
18.3121
18.2398
18.2161
18.196
18.1878
18.3053
18.3078
18.0653
18.188
18.5389
17.9636
18.3469
18.4267
18.6045
18.2123
18.0913
18.2117
17.9667
18.289
17.8684
18.0959
18.3697
17.9179
18.1229
18.4539
17.934
17.9842
17.8983
17.9952
18.2271
18.3684
18.2529
18.194
18.1968
18.3065
17.5082
18.6631
18.1116
18.24
18.1962
18.3342
17.8564
18.0898
18.2997
18.3569
17.988
18.1476
18.3112
18.3589
18.2579
18.1682
18.0385
17.9565
18.3978
18.2114
18.3442
18.335
18.3565
18.3131
18.671
18.0045
17.961
18.4751
18.2712
18.6829
18.3267
18.2033
18.2157
18.5077
18.1373
18.2998
18.2711
18.1658
18.4019
18.8749
18.7429
18.0806
18.41
18.5333
18.3972
18.5193
18.4579
18.3589
18.4461
18.3124
18.3258
18.4509
17.9769
18.1655
18.3859
18.0407
18.1243
18.425
18.6757
18.8265
17.868
18.4283
18.1579
18.3688
18.2305
18.4482
18.902
18.4286
18.0058
18.348
18.3391
18.3203
18.0327
18.1577
18.5092
18.2764
18.2248
18.3895
18.2671
18.3384
18.0693
18.6791
18.1292
18.0853
18.0907
18.0358
18.0703
17.9554
18.1527
18.2639
18.4993
17.8035
18.2051
17.9693
17.9087
18.4611
18.0299
17.7724
18.3468
18.6058
17.8474
18.4205
18.031
18.1171
18.1623
18.0695
18.3872
18.3536
18.2143
18.6803
18.1913
18.245
17.9035
17.9932
18.2074
18.046
17.9318
18.6278
18.0438
18.221
18.0803
18.1462
18.0428
17.8764
18.1355
18.4495
18.1368
18.3274
18.1264
18.169
18.1157
17.9748
17.9536
18.3482
18.0966
17.9244
18.8145
18.1667
18.5386
18.1234
18.144
18.0489
18.4473
18.1284
18.1086
18.416
18.0893
17.925
18.2877
17.9124
18.2222
18.0081
18.2272
18.0982
18.0358
18.3805
17.5637
17.9089
18.2795
18.1484
18.0551
18.2347
17.9841
17.9115
18.0743
17.8038
18.5778
18.4668
18.2699
18.2432
18.2312
17.9118
18.2333
18.3191
17.8233
17.9729
18.3572
18.1926
18.353
18.2395
18.3342
18.1453
18.1911
17.8921
18.2839
18.3421
18.1957
18.2684
18.0333
18.1627
18.2661
18.4379
18.1629
18.1489
18.2409
18.2783
18.28
18.2901
17.6656
18.1906
17.5569
18.0198
18.5237
18.006
18.4771
18.096
18.1478
17.8884
18.3427
18.1337
18.1421
18.4418
18.2968
17.955
18.349
18.1457
18.1868
18.323
18.4193
18.2471
18.0838
18.4344
18.1629
17.895
18.2386
17.7416
18.4315
18.1646
17.9923
18.1901
18.2836
18.2262
18.2631
18.291
18.1725
18.0816
18.3513
18.1333
18.5186
18.318
18.102
17.9846
18.2017
18.6841
18.0675
17.9018
18.1682
18.1221
18.3582
17.9938
18.3514
18.1048
18.1963
18.4271
18.0072
17.5478
18.2835
17.9716
18.3849
17.9124
18.3221
18.5713
18.0817
18.3917
17.9889
18.068
18.6151
18.3813
17.8832
18.513
17.5621
17.9327
18.0876
18.0298
18.6672
17.69
18.3119
17.9533
18.1263
18.0316
17.9352
18.0885
18.4125
18.2669
18.4351
18.2068
18.173
18.0285
18.4798
18.1975
18.3228
18.3668
18.1144
18.2222
18.535
17.9979
18.4959
18.0358
18.3716
18.3648
18.0111
17.7768
18.2591
18.2727
18.7927
18.0779
18.1033
18.5302
18.5575
18.4579
18.1474
18.1022
18.3153
18.0473
17.8249
18.5201
18.0836
18.1105
17.9978
18.5706
18.4232
17.9505
18.2663
18.2193
18.1476
18.2018
18.0528
17.9467
18.4944
17.9732
18.5048
17.8689
17.906
17.8609
18.2473
17.9294
18.0449
18.1209
18.0349
17.7849
18.1088
18.0099
18.0018
17.8537
17.9393
18.1949
17.734
18.2676
18.4237
18.2561
18.2086
18.0193
18.2147
18.0408
18.1142
18.3383
17.8351
18.3543
17.973
18.0856
18.1537
18.2839
18.3054
18.1768
18.1188
18.2465
17.8413
18.4735
18.1306
18.2583
18.1253
18.0507
17.8389
18.2543
18.2275
18.0892
18.3343
18.0244
18.3849
17.8445
18.2447
18.1258
17.8337
18.2464
18.2005
18.3247
18.0793
18.0507
17.9247
18.3264
17.8852
18.0689
17.8667
18.3903
18.2498
17.8251
17.7793
18.1232
18.0313
18.2609
17.8411
18.4291
18.4502
18.5804
18.43
18.0797
17.858
18.285
18.1119
18.6754
17.9788
18.4462
18.1949
18.0056
18.3296
18.1024
18.2537
18.5526
17.8269
17.9513
18.0469
17.9418
18.4189
18.4544
18.3351
18.2004
17.9409
17.9536
18.1889
17.7823
18.1491
18.1254
18.4014
17.9808
18.0801
18.4968
17.5869
18.0258
18.295
17.7267
18.1602
18.0775
18.1263
18.2267
18.109
18.2151
17.9501
18.1134
17.8803
18.216
18.0866
18.2323
18.2037
18.1106
18.2971
17.6895
18.4307
18.2678
18.551
18.4122
18.53
18.1835
18.23
18.3773
18.1477
18.1399
18.2454
18.1875
18.3718
18.2617
18.0021
17.9381
17.9294
18.3008
18.0136
18.3668
18.1676
18.2496
18.2225
18.437
18.0672
17.8967
18.1712
18.3474
18.4473
18.2097
17.8874
18.3108
18.2456
18.105
18.2414
18.4176
17.7231
18.1238
18.1865
17.8886
17.9407
18.407
18.5284
17.9567
18.2991
18.4712
18.0186
18.1885
18.5855
18.0271
17.9866
18.2653
18.0567
18.2996
18.147
18.1927
18.3127
18.2259
18.4189
18.1776
18.3319
18.2633
18.4524
18.5794
17.9977
18.4397
18.1397
18.4768
18.1147
18.1709
18.5414
18.0151
18.3845
18.0753
17.9964
18.1139
17.9439
18.1602
18.2065
17.9544
18.3269
18.2226
18.1783
18.0611
18.225
17.7583
18.0157
17.9551
18.1112
17.7831
18.0865
18.2393
18.0812
18.2161
18.3678
18.0324
18.4808
17.9629
17.6638
18.3213
18.176
18.2742
17.7501
18.0792
18.3903
18.4005
18.069
17.8342
18.2044
18.0495
17.9305
17.414
18.1201
18.395
17.7585
18.4599
18.5492
18.0582
18.108
18.3153
18.0663
18.2217
17.9964
18.0356
17.8956
18.3919
17.8997
18.0075
17.936
17.7687
18.1446
18.442
17.9158
18.7573
17.6904
18.0475
18.1352
17.9993
18.5264
18.3376
18.5443
18.2255
18.2448
18.1635
18.0676
18.4003
17.9656
18.4578
17.7969
17.8997
17.7457
18.4956
18.1651
18.2225
17.882
18.2361
17.884
18.2855
18.078
18.087
18.2699
17.7532
17.9944
18.1497
18.1454
18.2564
18.1241
18.4024
18.156
18.165
18.5084
18.2834
18.063
18.383
18.3298
18.3715
18.0742
17.8197
18.2833
18.5085
18.2252
18.3447
18.3669
18.0184
18.1585
18.2197
18.3754
18.5296
18.4892
17.9944
18.0767
17.9289
18.132
18.6401
18.0169
18.0894
18.1568
18.2683
18.2526
18.6668
18.3464
18.1564
18.2735
18.4709
18.4139
18.2333
18.0325
18.4431
18.0922
18.3979
17.8683
17.9451
18.2729
18.0203
18.5195
18.3674
18.3441
18.0286
17.9109
18.0569
18.3541
18.1777
18.0721
18.0573
18.2937
18.6524
18.3006
18.3307
18.027
18.4862
17.8921
18.2845
17.9215
18.6728
17.8449
18.4364
18.2726
18.4915
18.1384
18.4717
17.8517
17.8782
18.1205
18.3019
18.1842
18.7533
18.082
17.8148
17.8103
18.3898
18.0947
18.6538
18.3243
17.9739
17.9298
17.7363
18.202
18.2414
17.8694
18.4602
18.551
18.0456
18.2036
17.9898
18.0354
18.3625
17.9309
18.1803
18.2406
18.0349
18.1948
17.9308
18.1092
18.4645
18.2585
18.0509
18.6792
17.9707
18.1031
17.9603
18.4226
18.0352
18.0369
18.4945
18.3896
18.0292
18.2087
18.1633
17.9934
18.173
18.3611
18.1017
18.5923
18.1709
18.0796
18.3701
17.9622
17.7498
18.2027
17.6476
18.4643
18.1369
17.9619
17.8592
18.0061
18.0838
18.0533
18.2799
18.5044
18.299
18.1024
18.142
18.4831
18.1946
18.068
18.4673
18.0509
18.2343
17.9657
18.256
18.3416
18.1394
18.1747
17.907
18.2912
18.2254
18.0683
18.3386
18.4364
18.2832
18.3631
18.2991
18.4247
17.8547
18.6006
18.2269
18.0685
17.9794
18.1849
18.2444
18.3588
18.2532
18.2128
18.4013
18.0794
18.1489
18.1476
17.9965
18.2425
18.0718
18.5412
18.2415
18.182
18.4535
18.0333
18.4123
18.2176
18.1528
18.0616
18.5552
18.4771
17.9663
17.8583
18.2237
18.5899
18.1158
18.3061
17.9673
17.918
18.1531
18.5216
18.1635
18.2131
18.1838
18.2169
18.2221
18.1751
18.4267
18.618
17.8576
18.0678
18.4083
18.4702
18.4232
17.9561
18.158
17.8781
17.846
18.0797
17.9161
18.4365
17.6392
18.3359
18.403
18.2275
18.3724
18.187
18.2405
18.569
18.4657
18.0391
18.2692
18.2924
18.3703
18.3381
18.2024
18.5507
18.2043
17.9956
18.3742
18.1635
18.1032
18.1856
18.2505
18.229
18.6632
17.6146
18.6135
18.1173
18.4565
18.3747
18.1444
18.1718
18.1267
18.3942
18.2825
18.3265
18.1059
18.4647
18.3654
18.2277
18.3874
18.529
18.1801
18.3053
17.9711
18.211
18.3785
18.1629
18.8738
18.081
18.3407
18.3013
17.7018
18.3346
18.3929
18.8599
18.1436
18.6334
18.2172
18.2565
18.4135
18.2539
18.7151
18.2311
17.8562
18.0261
18.1555
18.1815
18.4922
18.3276
18.0933
18.4137
18.0015
18.7301
18.3879
17.8332
18.4485
18.4571
18.3531
18.3108
18.6579
18.5163
18.2225
17.9349
18.1772
18.2179
18.0302
18.3259
18.3334
18.398
18.5299
18.2615
18.8713
18.1136
18.3227
17.6331
18.3675
18.0893
17.9646
18.4798
18.0363
18.24
18.8777
18.2906
18.3623
18.2664
18.2538
18.241
18.1415
18.1711
18.3499
18.3378
18.1797
18.2615
18.1465
18.1422
18.178
18.0835
18.2942
18.1672
18.671
17.9806
18.1888
18.205
18.2241
18.0401
18.3997
18.4432
18.2584
18.7637
18.354
18.0344
18.0389
18.3203
18.2366
18.1201
17.9311
18.2509
18.0876
17.8576
18.5767
18.4762
18.5252
17.8875
18.6144
18.0595
18.4987
18.443
18.316
18.6378
18.2922
18.3455
18.2425
19.0685
18.4782
18.1001
18.6972
18.6003
17.7752
18.2311
18.0007
18.6928
18.4301
18.4111
18.1539
18.3698
17.9593
18.6378
18.6622
18.1902
18.4114
18.3541
17.8825
18.5539
17.9186
18.02
18.6288
18.1773
18.3553
18.3019
18.1587
18.2173
18.087
18.5447
18.4983
18.2164
18.4259
18.7027
18.2603
18.3971
18.0172
18.3426
18.2912
17.9845
18.145
18.3363
18.1056
18.1216
18.3573
18.0121
18.3632
18.4355
17.7611
18.2104
17.8832
18.1013
18.6495
18.1685
18.3026
17.9057
18.4039
18.0206
18.1895
18.6027
18.313
18.0139
18.2768
18.348
18.3924
18.0671
18.0621
17.9839
18.283
18.2557
18.417
18.4554
18.0402
18.0923
17.8794
18.541
18.1458
18.3411
18.706
18.3091
18.6106
18.1798
18.4077
18.3642
18.1917
18.7124
18.1608
18.3107
18.2697
18.4803
18.1518
17.7668
18.1414
18.3292
18.0061
18.5504
17.9268
18.4779
17.9612
18.3546
18.3854
18.5315
18.3714
18.0161
18.306
18.4761
18.2662
18.427
18.1896
18.4419
18.3346
18.4792
18.1556
18.1129
17.9079
18.0055
18.5719
18.5057
18.2171
18.4607
18.0988
18.5531
18.2488
18.3446
18.2683
18.1827
18.4928
18.2433
18.0946
17.9557
18.6417
18.3626
18.1115
18.2083
18.1857
18.3016
18.3883
18.093
18.4517
18.3242
18.5144
18.5274
17.9822
18.4195
17.945
18.7198
18.6985
18.0667
18.2119
18.4201
18.8033
17.9599
18.0839
18.0991
18.3245
18.5727
18.4477
18.3578
18.0946
18.1446
18.1968
18.1268
18.4456
18.4874
18.0574
18.637
18.1367
18.4585
18.1271
18.1528
18.5529
18.1193
17.8801
18.2883
18.3053
18.705
18.1415
18.225
18.0547
17.9921
18.2399
18.555
18.204
18.3607
17.7753
18.4186
18.5183
18.2401
18.0929
18.4355
18.4743
18.3325
18.0091
18.089
18.1896
18.3081
18.4472
18.369
18.3097
17.8242
18.9199
17.8217
18.0398
18.2641
17.9556
18.2484
18.1584
18.1325
18.1586
18.137
18.21
18.257
18.4449
18.1388
18.3446
18.274
18.2288
18.2996
17.9481
18.1886
18.2329
18.3875
18.1321
18.2316
18.4687
18.3725
17.9147
18.5358
18.3779
18.5304
18.281
18.3426
18.636
18.11
18.4127
18.2484
18.4008
18.3052
18.6475
18.1821
18.421
18.3171
17.9661
18.1666
18.2006
18.518
18.6652
18.4505
18.0792
17.9676
18.5255
18.4551
17.9811
18.2676
18.5277
18.4479
18.4825
18.3355
18.3066
18.586
18.2552
18.3919
18.2384
18.7468
18.287
18.5172
18.1079
18.2011
18.4987
18.3701
18.0457
18.3699
18.3985
18.4403
18.1234
18.503
18.1635
18.5643
18.3651
18.3249
18.0095
18.0579
18.1609
18.4451
18.0674
18.2863
17.9879
18.5624
18.3499
18.5001
18.1609
18.0382
18.4659
18.6718
18.5477
18.5254
18.5721
18.2098
17.7486
18.2636
18.4441
18.3839
18.1928
17.8653
17.941
18.3095
18.3947
18.5816
18.4754
18.1561
18.5528
18.5813
18.5338
18.2032
18.7404
18.4064
18.1393
18.4827
18.566
18.3286
18.056
18.1055
18.2633
18.5147
17.9279
18.7724
18.2186
18.4032
18.2729
18.768
18.3978
18.26
18.4733
18.4525
18.5257
18.5308
18.2674
18.7488
18.2293
18.6982
18.1621
18.2184
18.6279
18.6224
18.3316
18.3178
18.4729
18.3905
18.3307
18.9516
18.1952
17.7758
18.1717
18.3516
18.199
18.4234
18.5611
18.6255
18.4645
18.2983
18.4673
18.3203
17.8816
18.0524
18.1954
17.9619
17.6917
18.7554
18.556
18.8463
18.5684
17.9303
18.4412
18.0014
18.2163
17.6358
18.3375
17.7815
18.2028
18.5867
18.4097
18.1248
18.3325
18.6683
18.1802
18.1657
18.4294
18.2242
18.4043
18.5187
18.3227
17.9141
18.0166
18.0208
18.4613
18.3263
18.1133
17.9804
18.253
18.0834
18.2955
18.3438
17.9543
18.1839
18.0619
18.2466
17.9906
18.4829
18.4079
18.2263
18.4362
17.4093
17.8591
17.9016
17.8987
17.9505
18.0699
17.9199
18.0701
18.1134
18.104
18.1708
18.0713
18.053
18.0142
17.6029
18.1229
18.1269
17.7862
18.3065
18.2454
17.872
18.0426
17.8395
18.1502
18.1439
18.4752
18.4749
18.1908
18.1709
17.8875
17.8344
18.1783
17.7809
18.2711
18.216
18.6082
17.7286
18.3123
18.015
17.6742
18.2222
17.7863
18.0222
18.5424
18.0925
18.0686
18.1455
18.1043
18.3096
18.3924
17.9401
18.3227
18.3523
17.9264
18.2551
18.0264
18.0397
18.4339
17.727
18.4388
18.5572
18.4651
18.1328
18.207
18.3832
18.3517
17.9126
18.1094
18.156
18.1208
17.9227
17.6521
18.161
17.8226
17.9607
18.3812
18.1064
18.4955
18.3462
18.101
18.2711
18.1704
18.4241
18.0717
18.3982
18.0957
17.8933
18.2884
18.7569
18.018
17.647
18.6123
18.1499
18.1601
18.6471
17.9143
18.3726
18.0828
18.1107
18.4243
18.2164
18.3483
18.1886
18.6551
18.0315
17.8807
17.8608
18.2694
18.4656
17.8204
18.2776
18.296
18.3753
18.0187
18.363
18.1492
18.3632
18.2177
18.4061
17.9145
18.041
18.3705
18.2604
18.0233
18.5239
17.7795
18.3144
18.3864
18.3312
18.1
18.5787
18.0015
18.3389
18.2458
18.5381
18.6822
18.2226
18.6944
18.3626
18.0567
18.1891
18.6488
17.978
18.1643
18.4555
18.7469
18.0898
18.1278
18.5849
18.1508
18.2511
18.2529
18.5461
18.5144
18.1209
18.4188
18.2444
17.7315
17.9598
18.4347
18.5542
17.9912
18.4844
18.4179
18.68
18.1423
18.5679
18.2048
18.4017
18.3727
18.6033
18.1144
18.2792
18.351
17.9993
18.2448
18.6142
18.6589
18.5611
18.5136
18.0931
18.125
18.3384
18.2964
18.5616
18.4964
18.1893
18.062
18.3587
18.6831
18.3069
18.6714
18.4165
18.4437
18.3323
18.3904
18.5324
18.2889
18.3935
17.9525
18.217
18.3404
17.8941
18.193
18.0008
18.1323
18.3447
18.3944
18.0313
18.291
18.4239
17.8739
18.2883
18.0695
18.3357
18.2326
18.1278
18.2463
18.3682
18.4836
17.8993
18.2177
18.4681
18.189
17.8129
18.0572
18.5285
18.1665
18.5537
18.1426
18.4862
18.7996
18.1673
18.5423
18.2278
18.3546
18.2078
18.3357
18.3109
18.2335
18.7158
18.3384
17.7152
18.4822
18.0207
18.4882
18.5264
18.2105
18.5429
18.2621
18.4444
18.2529
18.2389
18.572
18.1646
18.3578
18.8011
18.5024
18.2398
18.3974
18.3299
18.2419
18.3589
18.2394
18.1155
18.4319
18.0829
18.4849
18.1129
18.452
18.621
18.1686
18.2238
18.3725
18.736
18.0913
18.1406
18.4578
18.3994
18.5361
18.1783
17.9773
18.4513
17.9923
18.012
18.0337
18.5582
18.0681
18.0268
18.7032
18.0235
18.4661
17.9014
18.0142
18.1729
17.9786
18.3636
17.8892
18.0299
18.0008
18.3353
18.4691
18.025
18.6775
17.7661
18.5175
18.2686
17.8712
18.3628
18.2673
18.3773
18.2175
18.1744
18.4063
18.3467
18.566
18.2736
18.7056
18.0228
18.3036
18.5898
18.0686
18.1356
18.2187
18.4083
18.5598
18.0886
18.1347
18.3975
18.3643
18.169
17.9653
18.1997
17.9988
18.3579
18.1738
17.8179
18.1952
18.49
18.1362
18.2104
17.8055
18.2053
17.8759
18.6848
18.254
18.4166
18.2694
18.2535
18.3462
18.1569
18.307
18.1944
17.7526
18.5019
18.4899
18.6243
18.2562
18.2357
18.237
18.0228
18.5002
18.0226
18.1787
18.3299
18.2304
18.4631
18.1247
18.4405
18.229
18.4007
18.5956
18.0562
18.2217
18.7102
18.1731
18.623
18.299
18.4137
18.1385
18.23
18.3251
18.4031
18.3743
18.4004
18.3265
18.1413
18.4152
18.2028
18.002
18.4818
18.2742
18.6453
18.3407
18.0677
18.3668
18.1501
18.0295
18.5618
18.2971
18.0798
18.0479
18.5039
18.0021
17.9856
18.5454
17.9955
18.4589
18.4913
18.0714
18.4231
18.0312
18.0566
18.309
18.6369
18.2022
17.9729
18.097
18.7563
18.0976
18.2207
18.1294
18.2553
18.1799
18.0378
18.2154
18.2224
18.6496
18.1389
18.1727
18.432
18.4911
18.1596
18.0308
18.0987
18.5342
18.6197
17.7036
18.5375
18.5818
18.6083
17.9582
18.0382
18.5245
18.0487
18.4844
18.3585
18.183
18.0999
18.2961
17.8818
18.533
18.2722
18.1161
18.1054
17.9648
17.9619
18.2703
17.9872
18.2686
18.2634
18.492
18.0383
18.1436
18.0248
18.1045
18.2238
18.1633
18.2453
18.4082
18.0816
18.0502
18.2257
18.4064
18.5624
18.2548
18.6151
18.2369
18.0503
18.6027
18.1773
18.0979
18.5747
18.1975
18.0362
18.269
18.1214
17.9347
18.1721
18.3713
18.1069
18.1394
17.8986
18.4538
18.167
18.3388
18.2631
18.6885
17.8763
17.7596
18.1192
17.985
18.0326
18.2752
18.2083
18.1629
18.2574
18.1524
18.341
18.0408
18.1443
18.1019
18.0098
18.3441
18.1957
18.2141
18.4286
18.399
18.3153
18.172
18.0101
18.2728
18.4267
18.191
18.3604
18.3375
18.199
18.7295
18.4457
18.0527
18.172
18.1135
17.9706
18.0849
18.5801
18.1869
17.9676
18.1939
18.3843
18.0148
17.9013
18.0441
18.057
18.4456
18.4603
17.9877
18.1121
18.1317
18.2405
18.3723
18.6384
18.0432
18.3328
18.0511
18.8566
18.4119
18.3403
17.9672
18.3363
18.0838
18.5529
18.334
17.8222
18.2918
18.2469
18.7176
18.0766
18.2389
17.9143
18.1852
18.3986
18.0057
17.8579
18.2111
18.5189
18.1514
18.2825
18.4018
18.5069
18.2339
18.7234
18.1322
18.2609
18.3891
18.3893
18.0832
18.1021
18.3155
18.2916
18.0566
18.0133
17.9687
18.2256
18.1222
18.1016
18.0904
18.4267
17.8894
18.3577
18.2476
18.5602
18.3429
18.1445
17.9751
18.505
18.0821
18.2925
18.6804
17.8041
18.3736
18.9902
18.4119
18.3158
18.1603
18.3974
18.6709
18.5303
18.4646
18.2228
18.4428
18.4038
18.2449
18.3076
18.5518
18.0276
18.5321
18.6539
18.5836
18.3546
18.7318
18.4793
18.655
18.1002
18.6885
18.0587
18.4386
18.3364
18.2446
18.6517
18.3577
18.425
18.2497
18.3634
18.2224
18.3742
17.9548
18.3214
18.5182
18.7059
18.3427
18.3812
18.6205
18.3893
18.5306
17.9959
18.4419
18.0298
18.0225
18.6776
18.0261
18.1213
18.1641
18.4077
18.1181
18.2392
18.5507
18.4712
17.84
17.9373
18.3377
18.5901
18.599
18.2712
17.7594
18.3801
18.3837
17.8215
18.6579
18.0821
18.5462
18.4457
18.4419
18.1595
18.2135
18.1987
18.2528
18.0469
18.5085
18.0239
18.4388
18.3028
18.6297
18.3195
18.0505
18.2178
18.1625
17.9911
18.0484
17.5208
18.429
18.4168
18.3484
17.9482
18.0276
17.9574
18.0848
17.8991
18.4643
17.9268
18.2048
18.0698
17.7602
17.911
18.1442
18.144
18.4069
17.9892
18.1054
18.3982
17.9004
17.9412
18.5894
18.1911
18.0816
18.2702
18.001
18.1935
18.1009
18.4428
17.8695
18.0171
18.2037
18.0773
18.2115
18.1093
17.9115
18.2475
18.0639
17.9208
17.9524
17.9102
18.1684
18.1937
17.9542
17.9133
18.1282
17.9324
18.0963
18.6043
17.8505
18.3443
18.194
18.4892
18.0706
17.8375
18.3144
18.5553
18.2783
18.2269
18.1553
18.3621
18.5164
18.3831
18.3331
17.9747
17.9457
18.1542
18.7414
18.2228
18.2351
18.5044
18.1344
18.2884
17.8811
18.1034
17.7484
18.5509
18.3226
17.8261
18.4076
18.4319
18.2882
18.3061
17.6523
18.2375
18.324
18.0398
18.0881
18.2239
17.9841
18.2019
17.8413
18.3102
18.1112
18.0185
17.7459
18.1172
18.0034
18.3005
17.8488
17.9919
18.2838
17.922
17.9774
17.817
18.3274
17.8794
18.1551
18.44
18.1529
18.2078
18.2033
18.3159
17.9341
18.3466
18.3548
18.1601
18.1451
18.338
18.3211
18.2545
17.963
17.8681
18.1126
17.4686
17.8477
18.0802
18.0169
18.3171
18.2644
18.0265
18.1152
18.1159
18.0231
17.9606
18.0783
17.9255
18.3666
17.9218
18.3064
18.2839
18.2445
18.2005
18.3325
18.5403
18.2189
18.2846
18.4558
17.8481
18.2826
18.0641
17.9636
18.3622
18.2286
18.0507
18.1452
17.827
18.1966
18.6133
18.3232
17.9652
18.5492
18.2251
18.018
17.8796
17.9803
17.9852
18.1373
18.2956
18.1172
18.5543
17.9612
18.587
18.8322
18.4674
18.2974
18.1339
18.1142
17.682
18.2856
17.7924
18.5457
17.6212
18.4496
18.2339
18.9479
18.3537
18.3482
18.0067
18.2717
18.1147
18.414
18.3667
18.4725
18.2379
18.6877
18.6291
18.2474
18.3616
18.3276
18.531
18.592
18.8056
17.7895
18.7092
17.916
18.675
18.3567
18.5221
18.4255
18.2461
18.4533
18.2277
17.9698
18.522
18.4198
18.5381
18.3752
18.3088
18.2527
18.8923
18.3379
18.4931
18.2089
18.6564
18.1703
18.1393
18.2019
17.9524
17.9863
18.6169
18.2066
17.9085
18.4266
18.2108
18.1008
18.3695
18.2053
18.2969
18.4958
18.2494
18.2909
18.4037
18.346
18.582
17.9703
18.3712
17.8927
18.5112
18.4672
18.0873
18.7705
18.6017
18.242
18.0326
18.4524
18.6638
18.2376
18.3348
18.2993
18.2734
18.1706
18.4355
18.3864
18.4944
18.0002
18.4176
18.0431
18.3726
18.3919
18.5011
18.5832
18.4841
18.1998
18.0524
18.5146
18.1739
18.3693
18.4973
18.7889
18.2243
17.9734
18.6598
18.9388
18.3517
19.358
18.3547
18.4273
18.5173
18.5742
18.3307
18.4844
18.4818
18.0122
18.8645
18.5541
19.0181
18.1394
18.2105
18.5219
18.6258
18.5121
18.3687
18.417
18.2124
18.3588
18.4711
18.5268
18.376
18.882
18.398
18.0921
18.3469
17.8605
17.9909
18.1601
17.9466
17.5773
18.2405
18.2567
18.2234
18.0811
18.1448
18.0805
18.559
18.5924
18.111
18.4007
17.9968
18.4884
17.9835
18.5326
18.3692
18.3209
18.5553
18.3257
17.7958
18.2335
18.0722
18.6181
18.2748
18.1451
18.287
18.4201
17.9911
18.2238
18.2418
18.001
18.3443
18.5719
18.0294
17.9757
17.9757
18.1018
18.5404
18.3639
17.9098
18.5615
18.1532
18.1953
18.1572
18.737
18.2706
18.4361
18.5639
18.1462
18.35
18.084
18.3899
18.2965
18.2801
18.295
18.1822
18.2785
18.1465
18.4526
18.163
18.2556
18.202
17.7967
18.1606
18.4615
18.3381
18.0686
17.9613
18.1426
18.1109
18.0384
18.4229
18.103
18.4472
17.9768
18.295
18.384
18.2452
18.1016
18.4387
18.0798
18.6262
17.9758
18.1698
18.1267
18.0908
18.0075
18.3232
18.2682
18.0978
18.2842
18.1137
18.1574
17.8899
18.2644
18.5039
18.3094
18.3335
18.7257
18.1247
18.1354
18.4202
18.223
18.445
18.1134
18.0519
18.1255
17.948
17.6754
18.8541
18.5377
18.0228
18.0321
18.3711
18.0435
17.9475
18.3452
18.1093
17.952
18.3245
18.229
18.3862
18.4225
18.3249
18.6687
18.4129
18.359
18.0227
18.2686
18.5173
17.95
18.1633
18.1597
18.1643
18.3039
18.2654
18.6127
18.3418
18.1563
18.3375
18.3534
18.0662
17.8817
18.1202
18.155
17.7544
18.4497
18.3756
18.4814
18.4499
18.1807
18.7328
18.1881
18.5612
18.0731
18.5429
18.5273
18.4337
18.5282
17.7355
18.3208
18.3207
18.2958
18.2351
18.1827
18.42
18.1472
18.2013
18.2531
17.8911
18.3457
17.9221
18.5469
18.1903
18.0971
18.4719
18.5805
18.1254
18.3355
18.2679
18.4781
18.5083
18.2976
18.2079
18.2369
18.1207
18.576
18.2311
18.587
17.8438
17.8475
18.0033
18.1069
18.4133
18.0817
18.5159
18.1927
17.9866
17.9045
17.8922
18.2848
18.4088
18.364
17.6854
18.0525
18.0031
18.1917
17.4681
17.9236
17.9136
18.2008
18.4042
17.7654
17.9552
18.305
18.0757
17.8766
17.9535
18.6055
18.3767
18.1658
18.2294
17.9009
18.218
18.2203
18.3729
17.9779
18.1332
17.64
18.4455
18.3409
18.6354
18.289
18.2766
18.333
17.8371
18.3453
18.2088
18.1201
18.4905
18.0859
18.4743
18.2234
18.195
17.9516
18.1695
18.2221
17.9473
18.228
18.3527
17.8892
18.7421
17.839
18.5725
18.0726
18.3596
18.2789
18.0657
17.9452
18.2819
18.5785
17.9292
18.0747
18.0213
18.3607
17.9968
18.6549
18.1688
17.9702
18.3758
18.3405
17.9481
18.4369
18.1205
18.6726
17.8608
18.2787
18.311
18.0284
18.1141
18.2736
18.1724
18.4964
18.1993
18.2384
18.2417
18.1037
18.2384
17.8176
18.013
18.0988
18.6527
18.1584
17.8578
18.1245
18.2
18.2098
17.9142
18.2776
18.1951
17.9955
18.4119
18.1855
17.7782
18.2861
18.4655
18.2253
17.7819
17.717
18.4257
18.3098
18.1689
18.005
17.9297
17.9085
18.2781
18.5256
18.6502
18.6405
18.3513
18.2737
18.2333
18.299
18.4456
17.7419
18.1283
18.1138
18.3359
18.3799
18.3198
17.9919
18.1568
18.2571
18.0462
18.1504
17.7981
18.4008
18.4973
18.3477
18.541
18.5771
18.1913
18.649
18.1075
18.0758
18.271
17.986
18.5704
18.2598
18.698
18.5227
18.165
18.4451
18.7023
18.1519
18.6318
18.4659
18.5904
18.7191
18.2648
18.6653
18.4491
18.6558
18.3315
17.9287
18.6652
18.0711
18.4544
18.4095
18.2714
18.6796
18.2625
18.2969
18.4195
18.2885
18.5455
17.8998
18.2882
17.9988
18.0986
18.2493
18.3574
18.6447
17.8333
18.4332
18.4924
18.1808
18.4977
18.0264
18.1426
18.2194
18.2175
18.3065
18.3232
17.7036
18.2763
18.4298
18.1284
18.2779
18.1389
18.1759
18.4312
18.0481
18.4135
18.8819
17.7214
18.5126
18.1094
18.0902
18.2292
18.6826
17.866
18.7746
18.216
18.1215
18.3368
18.1429
18.5223
18.0036
18.407
17.8074
18.1841
18.4731
18.2097
18.2806
17.8752
18.2659
18.1384
18.0884
18.3535
18.0153
18.0407
18.2237
17.9135
18.6664
18.2033
18.3245
19.0626
18.1396
18.653
18.2327
18.2107
18.0977
18.4525
18.3555
18.1669
18.6272
18.0182
18.2681
18.5318
18.8051
18.2856
18.1637
18.4534
18.2786
18.4635
18.3809
18.6368
18.2133
18.3589
18.0935
18.9044
18.3379
18.3689
18.0028
18.1802
18.2502
18.2558
18.2178
18.7761
18.3501
18.561
18.2593
17.9591
18.2215
18.6369
18.065
18.2014
18.6496
18.3268
18.2517
18.309
18.0849
18.064
18.6498
18.4033
18.0245
18.705
18.6518
18.3356
18.3846
18.4549
17.855
18.341
18.2249
18.3072
17.9935
18.4442
18.015
18.066
18.1417
18.153
18.1927
17.7284
18.0226
18.246
18.084
18.531
17.9027
18.3846
18.3084
17.9547
18.2209
18.5357
18.778
18.5093
17.9968
18.1822
18.4253
18.4861
18.3994
18.5584
18.7063
18.5356
18.4528
18.5607
18.3665
18.5417
18.3212
18.1403
18.8567
18.4817
18.4389
18.3497
18.689
18.3117
18.5029
18.2095
18.0988
18.1691
17.9132
18.184
18.39
18.0965
18.29
18.0433
17.7701
18.1994
17.9284
18.1376
17.8717
18.0301
18.0734
18.2925
17.813
18.0478
18.3545
18.101
17.8551
18.3988
18.4808
18.6684
18.3197
18.6158
18.2226
18.1937
18.5765
18.5879
18.2363
18.5372
18.4763
18.0817
18.5858
18.3174
18.2883
18.6797
18.266
18.2959
17.9511
18.0646
18.0399
18.3945
18.7844
18.2071
18.076
18.309
18.3308
18.3561
18.4183
18.2271
18.4031
18.0391
18.4487
17.9084
18.4117
18.3293
17.7811
18.2326
18.083
18.2145
18.1425
18.0376
18.0212
18.0653
18.3024
18.2691
18.1919
18.5775
18.1196
18.7726
18.0903
18.5823
18.3302
18.6068
18.6515
18.4085
18.5828
18.4162
18.2899
18.2773
18.8535
18.1807
18.5678
18.5397
18.5017
18.3898
18.5259
17.894
18.4171
18.45
18.121
17.9688
18.2611
18.5197
18.0519
18.2564
18.4439
17.9659
18.1126
18.3469
18.0983
18.0741
18.159
18.5644
18.3268
18.0936
17.9461
18.6984
18.2027
18.3544
18.0388
18.3767
18.3542
18.5341
18.062
18.4177
18.6815
18.2179
17.8774
18.5103
17.8942
18.4765
18.155
18.2024
17.9653
18.3363
18.546
18.3268
18.4287
18.6216
18.5017
18.4424
18.0851
18.1559
18.5187
17.7024
18.6353
18.5109
18.3789
18.181
18.2585
18.1952
18.5062
17.8565
17.9082
18.2153
17.9463
18.3829
18.2622
18.4456
18.1109
18.2036
18.6657
18.3168
18.0337
18.3155
18.326
18.3308
18.4196
18.5716
18.3492
18.1603
18.2973
18.1488
18.3406
18.5108
18.3877
18.6506
18.2934
17.9491
18.1105
18.7794
17.9318
18.4756
18.5083
17.9943
18.5237
18.1127
18.452
18.1638
17.82
18.6627
18.1231
17.9559
18.3882
17.6636
18.0128
18.0132
18.1079
18.3315
18.0745
17.9945
17.9347
18.2773
18.2633
18.5103
18.7645
18.7602
18.2352
18.2025
18.5554
18.5495
17.9441
18.7005
18.4004
18.2669
18.3114
18.5858
18.5464
17.6447
18.0823
18.2218
18.2693
18.3738
18.2957
18.1371
17.9775
18.449
18.1635
18.4152
18.3942
18.5523
18.4554
17.8777
18.5031
18.3333
18.0967
18.8681
18.0414
18.5408
18.2665
18.3666
18.1322
17.8062
18.5053
18.1733
18.2388
18.2321
18.2886
18.105
18.1665
18.3338
18.6812
18.3167
18.4484
18.3328
18.2747
18.1191
18.2127
18.2794
18.0923
18.5154
18.2896
18.4125
18.1737
17.9038
18.2089
18.5547
18.3048
17.9398
18.2118
17.819
18.1046
18.2442
17.9133
17.4691
18.3242
18.0485
18.2142
18.4408
18.5396
18.4084
18.2849
