2.69086
3.18697
2.87911
2.76342
2.77734
2.94379
2.68355
2.74186
3.07894
3.13718
3.08293
3.07922
2.65304
2.84939
2.69193
3.17797
2.98362
2.50963
3.21786
3.01122
3.29391
2.8599
2.72522
3.18723
2.14614
2.6468
3.14904
3.00051
3.07394
2.94368
2.52297
2.95265
2.95884
2.95895
2.73933
2.61426
2.74831
2.75374
2.70201
3.01091
2.995
2.73288
2.86993
2.50343
3.32227
2.78614
2.65323
2.67904
2.99496
2.9515
2.83558
2.67598
3.05267
2.48075
2.85871
2.7352
2.74507
2.90525
2.65326
2.94908
2.76179
2.8506
3.15168
2.89701
2.62386
2.8981
3.27464
3.0067
2.89402
2.57703
2.93626
2.81822
2.52979
2.44312
2.35775
3.56458
3.15652
2.6888
2.97104
2.67987
2.93432
2.99551
2.55791
2.91762
3.01803
2.58205
3.07801
2.8815
2.92753
3.18569
2.60688
2.89286
2.85197
2.80794
3.19948
2.83668
2.73338
2.9424
3.22871
2.85399
2.41801
2.72342
2.76486
2.73284
2.7627
2.80489
2.4977
2.80698
2.88523
2.86398
2.56667
2.509
2.85212
2.8614
2.56603
2.90487
3.28251
2.52376
2.5116
2.36699
2.80586
2.64992
2.64567
2.82627
2.52656
2.8713
2.60671
3.13846
2.87988
2.27288
2.73361
2.64043
2.80616
2.95585
2.44434
2.6748
3.00697
2.88392
2.30999
2.69459
2.86536
2.58951
2.95272
3.13194
2.88506
2.64798
3.058
2.61853
2.41294
2.72242
2.83368
2.58883
3.0134
2.67661
2.89937
3.21247
2.91203
2.39151
3.09808
2.96646
2.83081
2.80203
2.85366
2.80684
2.64068
2.73843
2.67927
2.94839
2.56591
2.76912
2.68173
2.25086
2.51325
2.92058
2.79217
2.37495
3.28185
2.64799
2.76682
3.3739
2.63022
2.77496
2.64233
2.76021
2.81694
2.48686
2.55563
2.90772
2.7168
3.0513
2.74698
2.68328
2.60694
2.48381
3.22441
2.61792
3.02865
3.48846
3.09704
3.11658
3.1415
3.0238
3.0298
3.45089
3.28701
3.37046
3.44335
3.00384
3.2046
3.16166
3.19135
2.96595
3.15473
3.43144
3.17326
2.80798
2.78214
2.77366
3.22283
3.01017
3.41109
2.79427
3.54368
2.9422
3.48043
2.90358
2.97351
2.56333
2.65182
2.95287
2.97734
2.76287
3.04576
3.08084
2.93155
2.59061
3.06028
2.89035
3.06404
2.72619
3.35563
2.96245
2.96692
3.15221
3.18129
2.34404
2.92372
2.8293
3.07401
2.96687
2.92934
3.38379
3.47681
3.08519
2.97989
2.71024
3.13024
3.02116
2.98038
3.18505
2.98318
3.13624
3.13055
2.93763
2.81261
3.16973
2.78635
3.20077
3.01179
3.04859
3.05991
3.19407
3.19738
3.23447
2.8503
3.04476
3.21342
3.19195
3.31412
3.16886
3.02554
2.9935
3.07515
3.55878
3.03009
2.92599
3.03112
3.13551
2.77182
3.46992
3.30221
3.25921
3.2365
3.27002
2.74304
2.93922
2.39869
2.85191
2.49387
2.9026
2.49566
2.79587
3.00347
2.98622
3.01722
3.03689
2.81294
2.72774
2.85616
3.08426
2.83859
2.66959
2.82113
2.95137
2.6433
3.12283
2.57538
2.83894
2.33874
2.52511
2.6753
2.70172
2.69028
2.53461
2.94509
2.64104
2.607
2.93631
2.42261
2.87205
2.90703
2.75611
3.02217
2.74319
2.96543
3.40722
2.90186
2.79778
2.68483
2.73488
2.76399
2.59556
2.87617
2.82513
2.55594
2.88951
2.74006
2.59807
3.04274
3.08906
2.59779
3.32902
2.77081
2.96153
2.85337
2.79385
3.17561
2.6571
2.37767
2.60838
2.73627
2.38812
2.61018
2.53564
2.7314
2.62752
2.61165
2.72248
2.46395
3.12641
2.65383
2.57978
2.88868
2.56866
3.17994
2.50983
2.99634
2.89727
2.43971
2.45164
3.09064
2.80858
3.04868
3.06878
2.77889
2.85046
2.66962
2.78741
2.77766
2.88617
3.03231
2.94619
2.90744
2.82039
2.488
2.67752
3.31345
2.60398
2.84542
2.91437
2.80396
2.9987
2.59932
2.53161
3.3137
2.93066
2.78649
2.42956
2.5431
2.63634
2.88864
3.19032
2.79885
2.78814
2.81293
2.58239
2.58334
3.10243
2.73499
2.75546
3.08784
3.04558
3.33212
2.7782
2.70384
3.07963
2.70238
2.7819
2.74661
2.8645
3.31013
2.90354
2.8871
2.55095
2.92949
2.68435
2.75916
2.22155
2.93563
3.04238
2.84646
3.05092
3.09957
3.04318
2.85168
2.79081
2.93774
2.5906
2.47451
2.99246
2.64943
2.81569
3.06297
2.73526
2.78643
2.83023
2.75352
2.62432
2.61614
2.70794
3.02555
3.07824
2.74131
2.57238
2.74137
2.44241
2.52274
3.00666
2.40977
3.13417
2.58379
2.83682
2.82084
2.25661
2.96913
2.83492
2.85729
3.37139
2.52716
2.8434
2.79459
2.64262
3.07948
3.05011
2.78351
2.70073
2.85738
2.78343
2.68529
3.07869
3.32434
3.20047
2.81858
2.90572
2.81742
2.84033
2.59043
3.0335
3.09328
2.88915
3.00285
2.8321
2.78446
3.12177
3.00016
3.18786
3.09358
3.28577
2.95671
2.88654
2.78034
3.27972
2.81314
2.8031
3.35773
3.12547
2.89229
2.61711
2.95779
3.12673
3.19992
2.81289
2.72903
2.52155
3.26462
3.31148
3.14227
2.44295
3.25942
2.89659
3.11225
3.03928
3.00025
2.57505
3.04542
2.74748
2.73398
3.24688
3.29927
3.04555
3.3078
3.14158
2.37909
3.07322
2.84671
3.26704
3.3024
2.9037
3.25146
2.54127
2.89577
2.75405
2.59417
2.73141
3.00722
3.31756
2.70366
3.09123
2.82388
3.00257
2.88007
3.11864
2.78432
2.84182
3.16106
2.99061
3.11664
2.95235
3.16112
3.07142
3.07374
3.09194
3.42579
2.90055
3.02727
2.79965
2.95221
3.08612
3.07406
2.79316
2.80277
2.7693
2.84754
2.91214
2.8246
2.85458
2.81167
3.03522
2.88417
2.75529
2.84775
3.23096
2.5818
2.92522
2.84775
3.15197
2.43999
3.10327
2.71648
2.85214
2.82263
2.91365
3.04252
2.46863
2.93693
2.63867
2.6679
2.96518
2.64845
2.79192
3.02153
3.01765
3.13176
2.73191
2.64859
2.67659
3.12571
2.91978
3.09667
2.97269
2.64383
2.98586
2.49207
2.7913
2.77992
2.98675
2.44114
3.04901
2.92785
2.89102
2.92568
2.74346
2.96077
3.12804
2.93014
2.75645
2.59123
2.97474
2.98354
3.04874
2.92149
2.98084
2.38852
2.69664
2.98375
2.87097
2.65336
2.7697
2.91236
2.69061
2.80073
2.78226
2.68218
2.86038
3.04642
2.71887
3.19466
2.35089
2.96089
3.11839
2.67
3.07456
3.35465
3.13052
2.49068
2.99728
2.82593
2.76241
2.93917
2.95239
3.04534
3.18325
2.84596
2.86175
2.85306
2.76123
2.87865
2.6905
2.86713
2.98808
2.71611
2.5988
2.91017
3.21225
2.72248
2.63862
2.43369
2.78814
2.96962
2.9138
2.95905
3.18439
2.63238
2.7334
2.58775
2.57671
3.02475
2.64482
2.59299
2.92501
2.8874
3.04114
2.99154
2.68101
2.66381
2.84946
2.5673
2.55581
2.9782
3.10775
2.99377
2.74602
2.81075
2.6528
3.0199
2.58151
2.83129
2.41321
2.82025
2.48452
2.56786
2.37643
3.13966
2.94424
2.82571
2.96474
2.76741
3.07458
2.50831
2.77633
2.78985
2.90149
2.76845
2.86247
3.00654
2.82952
2.78027
2.77776
2.5887
2.92887
2.8783
2.95323
2.6027
2.84426
2.48048
2.55239
2.61313
2.76605
2.63569
2.73881
2.88031
2.59222
2.80764
2.95943
2.73606
2.84618
2.5538
2.68811
2.77893
2.73726
3.12663
2.67633
2.94681
2.61416
2.67528
2.72148
2.56593
2.96596
2.59539
3.12914
2.61084
2.77779
2.93844
2.66686
2.81613
2.69425
3.07112
2.97791
2.68012
2.91277
2.68888
3.13901
2.18759
2.94804
2.61091
2.65224
2.42009
2.75031
2.53916
2.78929
3.05573
3.06906
2.9934
2.59484
3.02811
2.66218
2.92435
3.05539
2.36429
3.00668
3.07554
2.74489
2.97063
2.50473
3.05345
3.06533
2.59231
2.66187
3.12961
2.74181
2.99564
2.70829
3.01052
2.7273
3.24106
2.7434
3.26008
2.70849
2.74449
2.67182
2.53869
2.99623
2.82414
2.46061
2.47761
2.82984
2.4663
2.45862
2.40781
2.72862
2.74936
2.97946
2.8459
2.41654
2.63124
2.42207
2.80524
2.38869
2.37959
2.94034
2.59568
2.82489
2.47227
2.47827
3.0061
2.63987
2.47643
2.84982
2.89236
2.73406
2.83536
2.64674
2.97069
2.83918
2.62192
2.76017
2.894
3.12381
2.70569
2.54127
2.94235
2.7827
3.00947
2.90955
3.23667
2.92388
2.98766
2.7059
2.69104
2.42327
3.01072
2.98795
2.87226
3.20766
2.7641
2.71436
2.95478
2.75378
2.92343
2.50658
3.52296
3.21304
3.29697
2.63928
3.03484
2.79883
2.74283
2.78252
2.92111
2.48927
3.05429
3.26944
2.82727
2.76822
2.97811
2.90931
3.17918
2.69227
3.01674
2.64835
2.72084
3.28694
2.95469
3.08151
3.12378
2.90047
3.44002
2.92563
2.66126
2.86721
2.63599
3.00134
2.80502
2.9869
3.2527
2.82387
3.16797
2.99173
2.91914
2.75613
3.0034
3.15774
2.93641
2.40667
2.58561
2.58091
2.88277
3.08166
2.73227
2.81959
2.92247
2.91278
3.26878
2.54059
3.13494
2.80774
3.10069
2.86011
2.92115
2.81249
2.83921
3.09961
3.11677
3.14124
2.93831
3.00674
2.94737
2.83885
2.74339
2.67053
3.23641
2.74604
2.82464
3.20239
2.94272
2.97392
2.25493
2.86267
2.9081
2.97612
2.7656
2.8542
2.82092
2.51162
2.73263
2.96423
2.90639
2.5372
2.76119
2.81144
2.77402
2.79223
2.48939
2.57013
2.70662
3.09637
2.74185
2.63226
2.98859
3.05696
2.92358
2.68788
2.64146
2.69867
2.56847
2.91182
2.73279
3.20137
3.16573
2.73162
2.93381
2.51747
2.97338
2.58529
2.60237
2.81114
2.97979
2.95393
2.73231
3.11375
3.08447
2.91798
3.06374
2.79967
2.83674
2.98816
2.84212
2.60558
3.21097
3.04973
2.99059
2.95364
2.5638
3.02424
2.56595
3.04596
3.06433
2.69193
3.21097
2.68901
2.90683
3.03284
2.49749
3.04104
3.08911
2.87695
3.04105
2.94348
2.53444
2.87084
2.89461
2.96222
2.73838
2.62784
3.30568
2.90174
2.98115
3.00539
2.92188
2.85483
2.99696
3.24503
2.92155
3.28539
2.8854
2.67202
2.94862
3.04978
3.11511
2.64508
2.94899
3.02268
2.90436
2.80233
2.76105
2.62205
3.17145
3.16696
3.16921
3.06154
3.15805
3.25255
2.93054
2.74438
2.8676
2.56656
3.16554
2.89149
3.14504
3.14245
3.00981
2.90049
3.03102
2.76258
2.90249
2.82519
2.95391
2.91966
2.92747
3.14515
3.3758
3.09686
2.87258
3.5421
3.14583
3.04133
2.7689
2.58213
3.49859
3.11201
3.22418
2.82919
3.21865
3.13096
3.14599
2.52997
2.82661
3.07208
3.017
3.17336
2.80503
3.20996
2.40107
2.90301
2.96213
2.71799
2.85912
2.99391
3.07936
3.08321
3.04432
3.03829
3.20746
2.34247
2.97392
2.88552
3.10967
2.84935
3.06119
3.18219
3.23475
3.42242
2.90788
2.80585
2.90621
3.23309
2.75591
3.3031
3.36452
3.17145
2.8725
2.6716
2.86704
3.0466
2.7564
2.98174
2.944
2.7735
3.02062
3.03783
2.71969
3.09075
3.10082
2.83118
2.94524
2.9463
2.96273
2.94887
3.04861
3.1707
3.07576
3.02129
3.17524
3.21601
3.28796
2.94198
3.37317
2.74725
2.78859
2.88455
2.64978
2.39241
3.34136
3.31234
3.18802
3.16639
3.22179
3.28506
2.88241
3.11846
3.11926
2.5061
2.82811
2.62853
3.02344
2.84114
3.14914
2.89787
2.65541
3.20744
2.83443
3.21572
2.96202
2.48566
2.75861
3.09253
2.87021
2.9804
3.13128
2.99817
2.88511
3.21979
2.8137
2.9397
2.55768
3.16935
2.90849
2.4943
3.22574
2.86072
2.85846
3.41674
2.35342
3.21375
2.82596
2.95148
3.24208
2.8865
3.32872
3.06065
2.83423
3.09645
2.70962
2.98977
3.03619
2.61718
2.80148
2.57541
2.84978
2.79564
2.34889
2.69332
2.65165
3.06834
2.83061
2.99673
2.52663
3.02444
2.80334
2.81825
2.91794
2.69047
2.92017
2.85129
2.76076
3.00544
3.04723
2.54991
2.55625
2.72344
3.0346
2.9571
2.75458
2.78088
2.89964
3.05457
2.75732
2.79229
3.10772
2.9419
2.67554
3.0256
2.62205
2.90811
3.06592
2.90078
2.96453
2.8649
2.81189
2.66543
2.58993
2.77152
2.84784
3.31473
2.97296
2.78896
2.95065
2.95482
2.45865
2.85036
2.69243
3.20507
3.02324
2.68062
2.97711
2.47439
2.7579
3.1092
2.87497
2.40775
2.95518
2.77195
3.11974
2.79378
3.07648
2.90272
2.51575
2.72959
2.74912
2.4079
2.62313
3.11656
3.03292
2.4503
2.56062
2.30475
2.88857
2.57497
2.78658
3.41463
2.99322
2.91319
2.41758
3.00548
2.91948
2.82789
2.83597
2.79622
2.91738
2.69943
3.22565
2.92824
2.90687
3.18282
2.47372
2.79518
3.07594
2.60596
2.63439
2.89708
2.60121
2.95113
2.60958
2.89499
2.52945
2.66542
2.98938
2.5314
2.65209
3.06654
2.36389
2.67425
2.86654
2.66413
2.72412
2.55125
3.08471
2.89647
3.03737
2.80775
3.19686
2.96329
2.869
2.83032
2.68528
2.94377
3.19791
2.80031
3.0669
2.85213
3.10011
3.08503
3.10408
2.75136
2.7924
2.89141
2.96453
3.18809
2.56982
3.26405
2.54347
2.90146
3.31829
2.94743
3.00711
2.90268
3.06998
2.97197
2.32773
3.1179
2.80139
2.6898
3.01438
2.49624
3.17207
2.92889
2.74014
3.27814
3.38547
3.01513
3.2355
2.91492
2.69356
3.15026
3.05829
3.09161
2.41719
2.95663
3.28456
2.7619
2.91549
2.56164
2.9024
2.57295
2.96801
2.64737
3.34868
2.81138
2.68149
2.79041
3.26921
2.83555
2.70647
2.47027
2.91677
2.95448
2.90083
2.60802
2.89386
2.88051
2.83061
2.58308
2.62963
2.9215
2.57879
2.85661
2.79593
3.07434
3.10939
3.07692
2.9226
2.67287
2.99848
2.94126
3.1853
3.21846
2.82014
2.46972
2.99386
2.89308
2.89391
2.9056
2.71921
2.68167
3.06029
3.34546
2.73205
2.6335
2.84154
2.7845
3.40603
3.26043
2.82096
3.085
2.67479
2.90068
2.81765
2.82825
2.84016
2.80006
2.97074
2.71596
2.49427
3.3247
2.95556
2.80813
3.19991
2.83859
3.10846
2.5274
2.78262
3.34798
3.0848
2.76387
2.89412
2.91936
3.44142
2.98899
3.19414
2.91759
2.96422
2.62733
2.82632
3.11003
2.81409
3.14027
2.79121
2.92148
2.97173
2.86788
2.90616
3.03866
3.25181
3.23741
3.28281
2.99343
3.20339
3.09198
2.78448
2.90487
2.55904
2.65259
2.99218
3.1712
3.05745
2.51549
3.1589
3.34285
2.85734
3.06713
2.71333
2.66631
2.99454
2.80347
2.98958
2.83784
3.21613
3.07826
3.26276
3.39688
2.94519
2.94416
2.80336
3.42884
3.08725
2.88006
3.26017
2.69938
2.9212
2.63261
2.99689
3.11006
3.00796
2.78231
3.17552
2.75891
2.84043
2.70434
2.81703
2.94241
2.86305
2.96294
2.89481
3.35335
2.952
2.54764
2.74218
3.31024
3.18802
2.82558
3.01546
3.06458
3.06104
3.07025
2.96175
3.33307
2.91388
2.60686
2.98184
2.49365
2.6821
2.51606
2.85364
2.70587
2.82732
3.1118
2.84424
3.22101
2.81968
2.73579
2.34333
3.0504
2.58165
2.80667
2.70814
3.16034
2.62268
2.84125
2.67861
2.58155
3.13385
2.66139
2.74536
2.83783
2.61533
3.06196
2.82595
2.46259
3.08897
2.42072
2.70539
2.88763
2.49118
2.85929
2.61248
2.72623
3.01892
2.97623
2.95916
2.59451
2.76484
2.62849
2.58848
2.68623
2.55962
2.99932
2.89364
2.90565
2.58598
2.88967
2.45204
2.95895
2.3957
2.56594
2.96061
2.53785
2.69604
2.76207
3.21453
2.71852
2.12996
2.88949
2.44491
2.96575
2.71958
2.68297
2.62136
2.51332
2.67084
2.88929
2.22755
2.97824
2.30962
2.56528
2.75382
2.74463
3.02515
3.16212
2.96092
3.21294
2.98526
3.09001
2.46366
2.94023
2.75578
2.9303
3.0439
2.8541
3.38929
3.00099
2.84502
2.7687
3.12378
2.59701
3.05832
2.81528
3.13048
3.22659
2.79899
2.74305
3.00812
3.08303
2.81294
2.89967
2.9774
2.94961
2.86213
2.98267
2.87724
3.11083
2.83473
2.74721
3.0459
2.84806
2.57888
2.8718
3.09304
3.09299
2.60695
2.7138
2.76213
2.95714
2.88562
2.76202
2.98347
2.84112
2.87326
3.34363
3.03194
2.85935
2.87721
2.65149
2.63239
2.45699
3.20925
3.05142
3.2494
2.85993
2.52539
3.23496
2.42118
2.52588
2.56976
2.39867
3.28869
3.07053
2.85725
3.0093
2.40658
2.89524
2.97021
2.81401
2.89699
2.68725
2.61908
3.03508
3.08145
2.9269
3.35092
3.00186
2.98176
3.06715
3.05559
3.57636
3.36066
3.10554
3.03154
2.78531
3.39991
3.21325
3.0174
2.72572
3.11705
3.0575
3.17609
3.70172
3.14107
3.45334
3.0291
3.46968
2.75052
3.37342
2.94548
3.12658
3.27528
3.13789
3.38394
3.15878
3.14658
3.17324
2.84491
3.19462
3.67181
3.33652
3.33442
3.15985
3.01878
3.0158
3.36225
3.1882
2.66758
3.15273
3.20784
2.87752
2.86417
2.94947
3.22943
3.35686
3.22092
3.16951
3.18158
3.03241
3.02862
3.38043
2.87691
2.96916
2.95074
3.06844
2.8912
2.95887
3.17995
2.67472
2.87003
3.00326
3.12952
3.29783
2.98236
3.11838
3.29799
3.22816
2.94161
3.00753
3.56117
3.0702
2.90543
3.19171
3.24703
3.21475
3.15957
2.66234
2.67313
2.81569
3.44944
2.76798
2.64545
3.3625
2.64782
2.82689
2.95132
3.08639
2.4995
3.00654
2.88535
3.01451
3.15153
3.04362
2.7025
2.80413
3.03088
3.12567
2.9672
2.66191
2.7525
3.04647
2.89474
3.05543
3.03001
2.78819
3.11698
2.79673
2.83916
3.06807
3.05738
2.81439
3.02888
2.97174
2.9046
3.27785
2.98623
2.68941
3.21881
2.83407
3.11005
2.43581
2.4743
2.87856
3.26046
2.79497
2.65348
3.07527
2.70776
3.24377
2.59523
2.624
3.05003
3.07107
2.86086
2.63878
2.87101
2.53625
2.58868
3.01214
2.48481
2.99158
2.60346
3.22443
2.99015
2.60522
2.96695
3.12678
2.82881
3.12684
2.90834
2.78025
2.67883
2.90433
3.04289
3.35078
2.81663
2.40243
3.09035
3.00981
2.96706
3.14854
2.9112
2.94014
2.63222
3.05098
2.7755
2.90887
2.72273
2.50228
2.78605
2.74148
3.00765
2.78747
3.03199
3.12748
2.90226
2.96219
2.9376
3.09768
2.86761
3.30485
2.97119
2.80373
2.95984
3.00566
2.38848
2.99702
3.14131
2.78693
3.02933
3.0204
3.0893
3.34313
3.21003
3.1389
3.33892
2.62923
2.95121
2.62695
2.76954
2.89103
3.00812
2.85508
2.62101
3.05111
2.75515
2.99885
2.89011
2.7622
2.8633
2.95541
2.93069
2.68811
3.14367
2.8432
2.6467
3.18295
3.10516
3.04374
3.14285
3.1345
2.89222
2.86476
3.10306
2.79048
2.92185
3.19947
2.9021
2.88837
2.79697
2.89331
3.41314
3.26581
2.62339
2.61345
2.80253
2.75849
2.99927
2.66549
2.81596
2.57186
2.66252
2.81795
2.95014
2.30882
2.44226
2.6747
2.6871
2.82367
2.726
2.50302
2.87587
2.73693
2.60443
2.7355
2.68401
2.70943
2.94648
2.84348
2.7319
2.71401
2.53146
2.47965
2.65945
2.87013
2.98945
2.58934
2.91727
2.62903
2.96622
2.72742
2.65449
2.95533
2.62455
2.5382
2.79595
2.66546
2.92287
2.91615
2.97793
2.72572
2.69479
2.87325
2.55194
2.65789
2.78224
2.91936
3.03342
2.86213
2.56632
3.11209
2.05266
2.73478
2.99364
2.69366
2.93226
2.88584
2.50545
2.78901
2.47224
3.07954
2.82568
2.70608
3.19626
2.66327
2.80512
2.52252
2.88548
3.08611
3.06926
2.75604
2.77291
2.80053
3.00936
2.92314
3.11866
2.89627
2.87002
2.98772
2.8969
2.58078
2.37591
3.10495
3.00393
2.94135
2.6123
2.81781
2.68047
2.73756
3.0372
2.6341
2.52639
3.10594
3.33742
2.83905
2.5843
2.67709
2.87593
2.61992
2.29584
2.986
3.01289
2.80441
3.11306
3.0766
3.12518
2.81289
2.96973
2.96228
2.91153
2.7645
3.14661
2.816
3.31096
3.16748
2.95375
2.83678
2.78189
3.08082
2.74348
2.60131
2.62484
2.82406
3.17157
2.78564
3.09097
3.24437
2.68357
3.09259
3.10107
2.6259
3.23279
2.91902
2.67904
3.14162
2.68409
3.13693
3.09376
2.71398
2.90982
2.80701
3.02399
3.29448
3.01211
3.24123
2.94413
3.49296
2.93313
2.70197
2.86188
2.96505
2.77116
2.8128
2.75936
2.6517
2.63165
2.8624
3.06287
2.87698
3.01593
2.88075
3.11989
2.80074
2.80358
2.85251
2.65121
2.90511
3.16589
3.16435
3.20799
2.57077
2.90326
2.8805
2.98419
3.0729
2.96676
2.80114
2.46769
3.04439
3.3124
2.88748
2.93366
2.73901
3.00725
2.71728
2.96245
2.97139
2.873
3.40217
3.07958
3.0642
3.2094
2.78613
3.11987
2.94269
2.76904
2.9281
2.85293
2.87119
2.97302
2.2422
3.01688
2.60895
3.16562
3.31467
2.81763
3.07834
2.65482
3.02583
3.40988
2.19892
2.87744
3.21586
3.07528
2.85167
2.69013
2.99395
3.15751
3.3327
3.09871
3.17167
2.91904
3.00424
2.9576
3.03383
2.86206
2.87167
2.77753
2.74287
3.06018
3.03271
2.80305
2.82997
2.58144
2.67852
3.10715
2.94931
2.90148
2.34867
2.75485
2.82396
2.68567
3.04075
2.61055
2.4121
2.78358
2.89949
2.65696
2.60381
3.40551
2.74794
2.93953
2.84084
2.96605
3.22637
2.82725
3.08245
2.96297
3.02892
3.17958
2.78569
2.47072
3.05295
3.03536
3.22123
2.93137
2.81916
3.00475
3.08532
2.46956
2.73847
2.53835
3.57471
3.28976
2.6765
3.08531
2.61557
2.96304
3.21242
2.83986
2.66962
3.04319
2.94024
3.22436
2.85851
2.69978
3.11894
2.56927
3.14269
2.65215
2.80416
2.87725
3.01598
3.16113
3.02774
2.95014
3.2978
2.95467
3.05008
2.93032
2.56634
2.7437
3.14102
2.90824
2.90288
2.57036
3.23532
2.85765
2.61546
3.0198
2.90704
2.70091
3.00816
2.79173
3.25595
3.09571
2.60305
3.14237
2.75635
2.87373
3.09646
3.09721
3.18511
2.71149
2.69598
2.85547
2.66065
2.97576
2.43292
2.96384
2.68554
2.98744
2.88668
3.0099
3.18708
2.92588
3.14733
3.14967
2.99341
2.8709
3.07845
2.94812
2.84591
2.74992
2.10813
2.72995
3.27833
2.75388
3.26965
2.90576
3.02484
3.16167
3.10034
2.83531
2.90507
2.76175
3.2396
2.68338
3.02194
3.40978
3.29832
2.57095
2.97023
2.69302
3.13874
3.26314
3.31008
2.38188
2.9986
2.93497
2.87765
3.24694
2.716
2.9915
2.65322
2.73495
2.99448
3.06222
2.67205
2.79714
3.15057
2.73357
2.63396
3.00475
2.49448
2.91495
2.81674
2.84137
3.1708
2.36378
3.14476
3.03577
2.48742
2.83918
3.09917
2.862
3.02469
2.98584
3.01839
2.93888
3.17518
2.82115
3.17198
2.96574
2.94209
2.72413
2.82356
2.97855
2.87947
2.95228
2.51483
2.84493
2.66847
2.59802
2.97875
2.7503
2.83986
2.92198
2.7211
2.8456
2.98286
2.54315
2.77466
2.73596
2.54963
3.07538
2.57143
2.83318
2.72293
2.24956
3.22626
2.75066
2.56653
3.26542
2.69845
2.80972
2.96274
2.58176
2.97229
2.95892
2.77559
2.89583
2.74905
2.54804
2.9468
3.02079
2.97022
2.8356
2.44816
2.96712
2.99719
3.13361
3.17858
2.62443
2.7638
2.63704
3.05689
3.48951
2.71151
2.86508
2.78119
2.47184
3.06534
2.45049
2.65533
3.00183
3.10115
2.51594
2.86521
2.43841
3.27635
2.97206
3.1728
3.45652
2.78643
3.11982
2.7334
3.07139
3.15863
2.93297
2.88699
2.82378
3.13252
2.84259
2.90704
2.81
2.95966
2.64327
2.98565
3.20952
2.40603
2.94267
2.5642
3.0634
2.98957
3.01918
2.57108
2.60524
3.26955
3.04052
2.60079
2.9134
3.02851
2.93734
3.35786
2.88982
3.44879
2.92459
3.0381
3.0437
2.95528
2.67572
2.75622
2.59678
2.84983
2.43079
2.61235
2.41287
2.91481
2.67713
2.81635
2.79817
2.6266
3.10462
2.53592
2.08102
2.61947
3.05387
3.05727
2.6605
2.48914
2.7283
2.72796
2.42444
2.74534
2.8289
2.81885
2.96259
2.8973
2.50029
3.12103
3.47036
2.57216
3.12516
2.77315
2.88432
2.49939
2.70943
3.10721
2.53109
2.80883
3.20475
2.811
3.21043
2.76483
2.54131
2.88139
2.7834
2.86617
2.9728
2.5205
3.12938
2.83462
2.82288
2.79636
2.79862
3.03429
2.45171
3.04183
2.57552
2.60881
2.75175
2.79364
2.75894
2.80432
2.6455
3.07138
2.8997
2.84002
3.01897
3.1493
2.70876
2.36634
3.16886
2.56723
3.12189
3.08752
2.84
3.49112
3.03374
2.68551
2.8855
2.88351
2.58647
2.43764
3.10473
3.0398
3.09664
2.80923
2.632
2.48121
3.01086
3.04095
2.74794
2.89204
2.9469
2.62249
2.91931
2.82594
3.09943
3.14105
2.79891
3.40082
2.95443
2.67288
3.03887
2.68465
2.98698
2.95498
2.65078
2.7474
2.91076
2.95799
2.77228
2.70828
2.76836
2.89972
2.79306
2.85029
2.46627
2.86039
2.33526
2.67562
2.53885
3.03473
2.5998
2.77055
2.78414
2.73599
2.51697
2.64775
2.74051
2.81807
3.19461
2.88831
3.04756
2.77438
3.27569
3.03993
2.97779
2.8658
3.02824
2.79135
2.80683
2.74064
2.63111
2.87039
2.83724
2.39336
2.87686
2.82157
2.35971
2.2135
2.87628
2.78099
2.74436
2.79308
2.44427
2.68864
2.7803
2.44881
2.80489
2.69638
2.57766
2.57329
2.56327
2.58704
2.49354
2.80448
2.77622
2.75528
2.57194
2.5865
2.34093
2.26683
2.66479
2.84016
2.54651
2.55921
2.54904
2.57401
2.59808
2.42379
2.25769
2.15304
2.41676
2.77969
2.40029
2.61064
2.48538
2.38639
2.18984
2.54083
2.56748
2.43794
2.48962
2.34833
2.50514
3.04664
2.75307
2.4916
2.82081
2.52797
2.66201
2.7541
2.85702
2.93305
2.85517
2.69092
2.9508
2.79418
3.10961
2.86283
2.64235
3.09222
3.10997
2.73348
2.56923
2.86081
3.02033
2.6424
2.88548
3.27292
2.92052
2.96509
3.01149
3.22174
2.42785
2.93821
3.02452
2.75141
2.79166
2.56869
3.06968
3.08023
2.59274
2.70244
2.8744
2.7856
3.25803
2.70244
2.86921
3.02649
2.74813
2.98637
2.84336
2.85782
2.63306
2.81896
2.6214
2.81996
2.59803
2.83366
3.25307
2.24526
3.20125
2.65852
3.0663
3.21125
2.97625
3.01947
2.98242
3.08441
3.24107
2.81715
2.7014
3.01529
2.79246
2.94921
2.86075
2.82519
3.04116
2.85756
3.26191
2.80372
3.25168
2.64702
2.68841
2.63459
2.89085
2.91769
2.97438
2.7307
2.74875
3.03896
2.52588
2.95754
3.05842
3.24851
2.76495
2.57412
2.54584
2.74182
2.55523
2.60452
2.78745
2.83439
2.77673
3.00281
3.01861
3.22256
3.12379
2.54987
3.1816
2.69545
2.71317
2.67753
2.85465
2.97678
3.11355
2.61231
2.75734
2.58059
2.86936
2.63079
2.85264
2.74399
2.85603
2.85134
2.70568
2.82847
3.13731
2.58318
2.92075
2.88155
2.77403
2.85505
2.54328
3.00648
2.99796
2.69071
2.99971
2.74786
2.57182
2.98947
2.77369
2.75086
2.9449
3.11134
2.54789
3.07191
2.92856
2.9139
2.85444
2.66343
2.63908
2.93929
2.73255
2.76222
3.01182
2.85693
2.73376
2.96271
3.37392
2.539
2.7432
2.85413
2.79634
2.56405
2.8246
2.79624
2.8386
2.66307
2.92866
2.94031
2.77015
2.88398
2.93784
2.58946
2.5073
2.4083
2.8016
2.82037
2.86257
2.76412
2.79289
2.89946
2.67802
3.10895
2.92054
3.15305
2.80011
2.76168
3.12381
2.87835
2.77306
2.81297
2.64528
2.80948
3.05826
2.9563
3.18399
2.73758
2.95023
3.03418
2.71288
3.48848
2.99337
2.88616
2.81677
2.77342
2.93711
2.96037
3.08175
3.19875
2.83022
2.86965
2.69332
2.57978
3.11431
2.99279
3.09796
3.13745
2.7316
2.83748
3.05491
3.11834
3.10902
2.88149
2.53756
3.00175
3.04718
2.70903
2.80268
2.85919
2.69542
2.79072
3.03543
2.70903
3.20575
2.99613
2.92842
2.98445
3.03469
3.2022
2.93947
3.12635
3.00029
2.84878
3.02934
2.96417
2.63363
2.88499
3.03233
2.66927
2.87382
2.67953
2.99888
3.65948
2.79616
3.57262
2.66687
3.0538
3.01577
3.11983
2.86576
2.99269
2.81239
2.97176
2.79924
3.1117
3.08407
2.6445
2.71444
2.54298
3.03605
3.27581
2.97834
2.97083
3.22547
3.07271
2.67893
2.95706
2.99244
3.15541
2.94131
2.87459
2.92583
2.85028
3.19157
3.14546
2.82907
2.65509
2.60221
3.12667
2.45133
2.93547
3.09452
2.70938
2.56931
3.21337
2.80125
3.19165
2.85261
3.06004
2.94117
2.8539
3.16009
2.94591
2.87925
2.97081
3.14353
2.96233
2.99311
2.6469
2.9581
3.21661
3.10885
3.01449
2.52034
2.98993
3.23147
2.58697
2.85397
2.68579
3.32534
3.23739
3.21064
2.96679
3.03625
2.99019
3.33363
2.87726
2.79222
2.9074
2.79902
3.05496
2.84317
3.12008
3.34451
3.2158
2.98655
3.16708
2.93024
2.72408
3.03089
2.81612
3.13117
2.88146
2.70618
2.81237
2.93851
3.22802
2.91204
2.36152
3.17468
3.05092
2.39472
2.8881
3.14479
2.90917
2.69309
3.17265
2.77539
3.30996
2.91782
3.05544
2.87703
2.95081
3.39093
2.86998
3.05623
3.09896
3.0815
3.13972
3.08289
2.73778
2.9695
3.27608
2.78187
2.85626
2.73294
3.37977
3.25683
3.0182
3.39645
2.98301
3.38046
3.24687
2.7793
3.38442
3.11967
2.99199
3.0936
2.74612
3.16725
3.06788
2.5611
3.30849
3.04464
2.99614
3.08511
3.03624
3.06314
3.27017
3.39855
2.81254
2.65806
2.8595
3.01604
2.98517
2.95589
3.25788
2.87519
2.54929
2.66309
2.70222
2.90085
2.67569
2.89047
3.13874
2.6126
2.8668
2.92044
2.87656
2.86242
3.05092
2.71473
3.14797
2.86019
2.87895
3.07534
2.77562
3.27474
3.00543
2.96896
2.62517
3.05467
2.98322
2.67172
2.60744
2.91729
2.76775
3.15848
2.71508
2.83952
2.97467
2.98702
2.80144
3.18195
2.70676
3.20682
3.11796
3.13092
3.05835
2.34222
3.16974
2.86534
2.83835
3.31143
3.15133
2.61655
3.19557
2.81336
2.89374
3.07687
2.98697
2.60906
2.80471
2.72766
2.51609
2.84294
3.08041
2.83883
2.5975
2.85858
3.02925
3.03875
2.75077
2.84678
2.87094
3.00555
2.69676
2.69315
2.69553
2.85097
2.67481
3.01293
2.68827
2.82964
2.90754
3.01294
2.65067
2.41286
2.95395
2.92461
2.46729
2.94543
2.99892
2.64692
2.3339
2.86624
2.93764
2.80211
2.85529
2.93015
3.1849
2.61322
2.67728
2.70038
2.7048
3.09053
2.67636
2.74163
2.78374
2.26331
3.04755
3.04225
2.97953
2.78386
3.06507
2.57286
2.83822
2.86374
2.89522
2.99955
3.09268
2.72018
2.75148
2.50817
2.90618
3.09959
2.87751
2.42834
2.55203
2.76129
2.71405
2.64848
2.93787
2.74375
3.1324
2.45144
2.87987
3.03798
3.24617
2.92388
2.7081
2.68551
2.93177
3.194
2.80291
2.94438
2.84272
2.62973
3.09434
2.84617
3.11938
2.89414
2.95862
2.90747
2.8179
2.98102
2.3868
2.76509
2.61323
3.29925
2.78025
2.88608
2.91908
2.85796
2.95394
2.72119
2.6164
2.82903
2.49273
2.88776
2.29867
2.44354
2.74274
2.56998
2.74342
3.14016
3.02387
2.53142
3.26146
2.90779
2.7302
2.74236
3.12192
3.07301
3.07903
2.71474
2.86081
2.77774
2.92778
2.53628
2.5138
2.83923
2.79963
2.7836
2.59722
3.11415
3.43437
2.82938
2.72188
3.12286
3.24202
2.62195
2.95888
2.86784
2.80773
2.92605
2.95467
2.59908
2.95324
2.76037
2.68972
2.93177
2.59172
2.85585
2.68622
2.64958
2.62912
3.01678
2.57882
2.85834
3.00627
3.06017
2.58792
2.46916
2.94357
3.32515
2.56772
3.09938
3.0923
3.14782
2.99262
2.96349
2.67811
2.6909
2.80147
2.9584
2.79809
3.0314
2.35209
2.89952
2.9526
3.07956
2.66281
2.58504
2.7157
2.57531
2.70012
2.82208
2.95865
2.50334
2.5248
2.54176
2.40762
3.24704
2.80985
2.7282
2.68588
3.37815
2.80884
2.53708
2.60971
2.94685
2.74111
3.30162
3.14123
2.6414
2.80004
2.75153
2.33196
2.72099
2.77562
2.81991
3.00339
2.67184
3.18527
2.28596
2.48334
2.90686
2.79011
2.28859
2.79377
2.94654
2.83197
2.58277
2.67284
2.92433
2.84854
2.63707
2.57193
2.91298
2.80547
2.86054
3.01701
2.82451
2.80767
2.71304
2.9661
2.97541
2.66098
2.32711
2.9688
2.81653
2.40954
2.69485
2.85845
2.8528
2.51698
2.71169
2.502
2.80458
2.99371
2.83421
3.05419
3.23407
2.7457
2.56642
2.74421
3.04215
2.85765
2.94788
2.90616
2.7124
3.04419
2.71203
2.347
2.86739
3.00637
2.67449
2.71031
2.69458
2.92068
2.39464
2.8475
2.66932
2.60444
2.71815
2.48206
2.88766
2.59787
2.47599
2.9062
2.96514
2.5568
2.79929
2.80432
2.88116
2.96063
2.90546
2.87388
2.87898
2.51572
2.87761
3.19473
2.77727
2.7061
3.09096
2.88621
2.83273
2.66007
3.01796
2.62561
2.73048
3.10433
2.38651
2.87111
2.83001
2.95503
3.11602
2.85687
3.02453
2.67871
2.82515
3.25324
3.2612
3.00193
3.23991
2.47035
3.01875
2.92988
2.59102
2.75588
2.55337
3.09347
2.95509
2.74278
3.1478
2.72622
2.87497
2.89585
2.69007
2.99571
2.94754
2.64559
3.05499
2.64638
3.07203
3.27231
2.89707
2.80406
2.74149
3.0511
3.25589
3.05673
3.20933
3.09802
3.12055
3.52087
2.76391
2.71779
3.27557
2.85859
2.61525
3.07759
2.88783
3.01691
3.07125
3.23595
3.16809
3.22735
2.7947
3.34417
3.378
3.17537
3.08662
2.82366
2.80355
3.09403
3.27378
3.17005
2.85739
3.06074
3.01784
3.27537
3.01897
2.82659
2.86088
3.03928
3.40121
2.8323
3.176
2.81297
2.91378
2.8512
3.10741
3.27148
3.05686
2.71704
3.06031
3.09293
3.22196
3.2507
2.97473
3.02483
2.74989
2.93062
2.87983
3.10677
3.60049
3.59717
3.18882
3.10553
3.10397
2.65917
3.30658
2.8267
2.87859
3.03846
3.4344
2.9552
2.84309
3.16643
3.21297
3.07343
3.01501
3.00081
2.39672
3.28949
2.72351
2.94699
2.82265
2.75999
3.39789
2.88835
3.07491
3.0406
2.75692
2.87389
3.33762
2.96514
3.18423
2.97575
2.56804
2.76526
2.84687
2.77733
3.00547
2.67073
3.17752
2.8804
3.08857
2.8993
2.49392
3.02142
2.93605
2.66285
2.92774
2.96932
2.94415
2.9965
3.22272
2.84508
2.98333
3.06709
2.75581
2.58045
2.88759
2.49287
2.55366
2.89466
2.68017
2.52385
3.10859
2.57417
3.27493
2.85006
3.11089
3.00373
2.99458
3.02512
2.95872
3.02874
2.83865
2.65204
3.13245
2.81353
2.8865
2.94992
2.94235
2.89633
2.99723
2.88778
2.91449
3.21647
2.82469
3.22552
2.91301
2.75911
3.11667
3.24348
2.87945
2.72818
2.93763
3.02437
2.83811
2.93773
3.03501
2.83594
2.79008
2.88241
2.88424
3.00538
3.03479
3.05364
3.11287
2.75212
2.85228
2.92722
2.66656
2.49192
2.70452
2.58169
2.79743
2.81701
2.71645
3.04419
2.87532
2.9563
2.8958
3.067
2.91718
2.91849
2.85739
3.11312
2.82862
2.56781
2.96571
2.18082
2.42888
2.70755
2.68285
2.52802
2.66255
2.90324
3.07464
2.47411
2.77643
2.65307
3.07506
2.72503
2.86845
2.77462
2.646
2.59192
2.56377
2.46713
2.733
2.74533
2.65801
2.86853
2.77324
3.03824
2.71608
2.43228
2.63002
3.29465
2.71558
3.04406
2.71741
2.63145
2.94445
3.09928
2.88661
3.20035
2.56886
3.32521
2.82828
2.90658
2.96345
2.55663
3.26812
2.55458
3.06843
3.01369
2.53418
2.80309
2.76987
2.82028
3.13146
2.94628
3.09979
2.93074
2.67196
2.94374
2.74753
2.70367
3.20219
2.61887
2.76329
2.91508
3.27628
2.84081
2.66785
3.159
3.14082
2.76613
2.88505
2.80078
2.7991
3.13407
2.74333
3.0346
3.02004
3.51158
2.84739
2.79024
3.32686
2.92427
2.94153
2.97959
3.19286
3.03861
3.12572
3.05213
3.3944
2.69225
2.6525
2.97389
3.063
2.40323
2.53567
2.78991
3.17748
3.39287
2.87087
2.91995
3.18064
3.23479
3.08849
2.75365
2.44296
2.78141
2.94964
2.73812
2.75382
3.26222
2.82569
2.69144
3.29208
2.39866
3.213
2.47472
2.83239
3.17542
2.7168
3.00349
3.05436
2.74257
3.0977
2.57369
2.89382
2.7068
3.03055
3.36182
3.19684
2.935
2.68347
2.76569
2.58531
2.68113
2.80055
2.9578
3.04853
2.94053
3.00205
3.04736
2.53086
3.05156
2.46943
2.52581
2.6928
2.70564
2.80974
2.46569
3.03875
2.47916
2.60664
2.55191
2.85125
2.54834
2.74277
2.69515
2.62097
3.23763
2.64775
2.56488
2.89198
2.66817
2.98826
2.5475
3.01807
2.60712
2.47023
2.72455
2.44765
2.27082
3.12022
2.44458
3.0067
2.91012
2.78979
3.06978
3.09217
2.8939
3.29975
2.94457
2.91995
3.13999
2.82618
3.5108
2.95103
2.94407
3.2717
2.69345
2.87488
2.81389
3.06229
2.82793
3.13516
3.07446
2.66828
2.72869
2.68021
2.92922
2.55135
2.49756
2.82696
3.15437
2.85578
2.92751
3.02506
2.65374
3.01647
2.99667
2.71105
2.87258
2.44271
2.60673
2.76572
2.65818
3.1775
2.98648
2.7604
2.96133
2.82356
2.85292
2.78367
2.76311
2.91173
2.9626
3.25047
3.14876
2.59347
2.80404
2.89482
3.18168
2.90015
2.73945
2.75984
3.04334
2.77161
2.75585
3.02264
2.96778
2.60425
2.56319
3.00855
2.93112
2.98569
2.79738
3.1047
2.78287
3.1694
2.57648
3.27758
2.42687
2.78657
2.59816
2.46902
2.73465
2.99362
2.94918
2.87718
3.12607
2.83381
2.87756
2.74252
2.79996
2.72528
2.71464
2.84543
3.00375
3.00183
3.0395
2.60117
3.26987
3.11836
3.00132
2.82465
2.76214
2.80619
3.16655
3.07654
3.43717
3.07628
3.22566
2.92744
2.72458
3.23009
3.02326
3.03495
2.8488
2.63364
2.55228
2.71398
2.46486
2.78345
2.61747
3.19297
3.04267
2.93607
3.36615
2.72394
2.62084
2.87096
3.057
2.90069
2.98308
3.01696
3.02414
2.65895
2.81714
3.23548
3.09134
2.75932
2.97534
2.95337
3.34044
2.7432
3.05843
3.35404
3.20933
3.06867
2.64548
3.07539
2.73673
3.0389
2.72822
2.86987
2.87131
2.71454
2.74986
3.04419
3.01138
3.16207
3.03155
2.79736
2.88714
2.92925
2.77795
2.99587
2.91523
2.63519
3.26885
2.33415
3.01216
2.29578
2.99453
2.87354
2.90357
2.55738
3.09835
2.82399
3.25804
2.51368
3.23442
2.75107
2.72629
2.94571
2.7263
2.80153
3.12343
3.4168
2.60484
3.02959
2.46046
3.04841
2.91247
3.07607
2.40838
2.6541
3.07236
2.70087
2.98936
2.75351
3.23056
2.67972
3.12977
2.73505
2.84291
2.79885
2.22307
2.36436
2.87285
2.82034
2.83216
2.99129
2.61655
2.7761
2.74752
2.61924
3.05265
2.87172
2.66157
2.78616
3.206
2.75565
2.77672
2.88517
3.3191
2.85173
2.6687
3.04669
2.80772
3.08089
2.41744
3.12642
2.39649
2.79574
3.02609
2.86838
2.89954
3.13408
3.20796
3.17001
2.54761
3.20431
3.08779
2.92054
2.93424
3.17328
2.49768
2.85478
2.74538
2.68561
2.8059
2.75946
3.04946
3.12365
2.82201
3.14849
2.66042
2.73569
2.30866
2.95281
2.79391
2.87203
2.72055
2.91508
2.91473
3.11787
3.22457
3.21903
2.96586
3.11467
2.77472
2.92451
3.03748
2.75302
2.74109
2.77437
2.90223
3.14931
3.10184
3.11999
3.11247
3.03197
3.02166
3.4329
3.07284
3.16761
2.80598
3.00106
3.21795
2.75696
2.895
3.38788
2.86193
3.1859
3.23781
2.78827
3.13317
2.69406
2.89319
2.86743
3.05759
3.3531
3.27156
3.31686
2.99843
2.50588
3.31026
3.51358
3.05924
3.06287
2.86318
3.02799
3.6026
3.21845
3.40103
3.09335
3.18551
2.92128
2.35308
3.17705
3.08957
2.8081
3.27929
2.68469
3.29052
2.9177
2.76957
2.73578
2.86469
3.20484
2.97251
2.88834
2.8134
2.94375
3.34136
2.70375
3.20206
2.44518
3.01382
3.06676
2.92815
3.14611
3.13039
2.85132
3.22572
2.82377
3.20193
3.37209
3.01352
2.80952
2.84699
2.71988
3.03001
3.36907
3.13352
2.92781
3.27622
2.55607
3.08718
2.60616
2.88961
2.93133
3.09197
2.84348
3.02696
2.91013
2.79993
2.85735
2.62352
2.72647
2.76822
3.07422
2.59193
2.64875
2.56205
2.98251
2.84487
2.62359
3.00574
2.67141
3.12344
2.69274
2.95519
2.97131
2.72278
2.90342
3.01863
2.61873
2.79968
2.86137
2.43684
3.06529
3.01342
2.98428
2.51631
2.92834
3.06365
2.98797
2.90693
3.14987
2.89218
2.92676
3.17037
3.16143
2.5019
3.07607
2.92556
3.14717
3.09469
3.02974
2.82356
3.15614
2.82449
3.06995
2.79693
2.98662
3.27475
2.95817
3.45918
2.9585
3.04435
3.24942
2.86056
3.35223
3.19801
2.83698
2.70997
2.89004
2.6077
3.3856
3.3169
3.04665
2.59523
3.12176
3.09663
2.55818
2.61373
2.74558
2.99189
2.89456
2.64122
3.08861
2.97475
2.88161
2.68318
2.84038
2.55048
3.31792
2.82299
2.54119
2.89476
2.8248
2.67728
2.89315
2.64753
3.36364
2.61351
2.85843
2.97219
2.53714
3.11087
2.71469
2.58017
3.22177
2.67384
2.95366
2.85181
3.20962
3.12267
3.1823
3.14571
3.09689
2.73439
3.0129
3.23251
2.86568
3.0305
2.89837
3.0767
2.77257
2.78875
2.77999
3.06209
2.85626
2.77936
2.71011
2.51071
2.75265
2.62527
3.03017
2.70111
2.66819
2.8115
3.02591
3.08638
2.74898
3.33032
3.08271
2.99058
3.03884
2.89689
2.86647
2.61818
2.84811
3.37618
2.72295
2.62782
2.66028
2.91407
2.98045
2.74721
2.62781
2.80198
2.85939
2.79722
2.75655
2.45661
2.71533
2.82615
2.59854
2.39573
2.82527
2.64291
2.23631
2.56437
2.45747
2.7765
2.24199
3.13769
2.91
2.72469
3.05567
2.86563
2.60676
2.86497
2.49735
2.74259
2.79077
3.07365
2.65376
2.86291
2.84098
2.95278
3.09431
2.84788
2.77734
2.97846
2.99903
2.90569
2.33648
2.56641
2.57304
2.9885
2.85345
2.59705
2.7806
2.48278
2.48769
2.84037
2.27858
2.90734
2.8238
2.94857
3.18582
2.64379
2.98221
2.75584
2.40395
3.05879
2.50625
2.741
2.6987
2.84794
3.05202
3.30343
2.88588
3.0044
2.94146
2.81911
3.19188
2.89529
3.22616
3.18618
2.78239
2.64825
2.9764
3.10731
2.93133
2.9652
2.83685
2.78117
2.83234
2.71806
2.88144
2.85281
2.7809
2.98292
2.72762
3.01664
2.31675
2.90559
2.88206
2.82188
2.30904
2.81169
3.30178
2.77982
2.98287
3.08574
2.94941
2.84308
2.82258
3.04025
2.77656
3.1319
3.19734
3.22175
2.75452
3.30595
2.62925
3.16341
2.59737
2.62501
3.2557
3.40668
2.94618
2.91061
3.36505
2.76691
2.76352
2.69381
2.81034
2.57334
2.8807
2.8542
3.14826
3.23828
3.00932
3.26512
2.71831
3.17859
2.44494
2.86042
2.72751
2.87632
3.13614
2.29482
2.82471
2.66919
3.02829
2.52652
2.98705
2.52104
2.71334
2.68713
2.81326
3.14843
2.53603
3.22723
2.56516
2.55306
3.03442
2.75308
2.95168
3.32999
2.92382
3.24065
2.86719
2.96221
3.10433
3.16807
3.09938
3.38021
2.58832
2.67754
2.64305
2.43782
2.90459
2.70182
2.71502
2.82718
3.2895
2.47836
2.36661
2.9508
2.8432
3.03565
2.54989
3.1681
2.5835
2.29596
2.88852
2.86851
2.51848
3.3193
2.72002
2.78233
3.06979
2.51921
3.15109
2.86555
3.22299
2.61751
2.48472
2.92733
2.80792
2.77333
2.97309
3.0271
2.78807
2.7083
2.56708
3.00842
2.76205
2.90409
3.1383
2.87623
2.60172
3.15159
2.86697
3.38003
3.35481
2.96536
2.53963
3.18549
2.79834
3.11145
3.08796
2.83698
2.79382
3.11721
2.75957
2.56166
2.66429
2.87448
2.46018
2.72121
2.6789
3.39764
2.60642
2.60322
2.48425
2.85847
3.0082
2.73737
2.70764
2.67353
2.61611
2.91849
2.94837
2.99187
2.97804
2.82702
2.74866
2.72879
2.41397
2.91132
3.00256
2.97078
2.56671
2.84562
2.69706
3.00215
2.91659
2.66719
2.845
2.79211
2.53316
2.68077
2.63579
3.0517
2.71925
2.95355
2.67088
2.37111
2.9629
2.90272
2.90101
2.97899
3.30285
2.79181
3.01995
2.74101
2.98995
2.65621
2.74965
2.81924
2.73099
3.11335
2.80624
2.64534
3.3076
2.40037
2.61484
2.7257
2.36901
2.80405
2.81146
2.85962
2.88873
2.36446
2.76786
3.08154
2.5083
2.79038
2.79584
2.65008
2.66817
2.47652
3.19517
2.92448
2.95761
2.2161
2.65028
2.7794
2.73521
2.9668
2.77713
2.71164
2.87036
2.41574
2.69454
2.31365
2.3291
2.73831
2.71119
3.06604
2.7752
2.8006
3.06933
2.55372
2.77278
2.82838
2.36574
2.8687
2.90749
3.29185
2.95478
3.17341
2.60245
3.07146
2.91046
3.05053
2.77994
2.64517
2.72541
2.80375
2.41847
2.95844
2.58371
2.92331
2.76364
2.78907
2.8756
2.65415
2.67979
2.8934
3.06164
3.10931
2.7888
3.05384
2.8543
2.68476
3.29374
2.7547
2.76401
2.95911
3.08135
2.85662
2.58868
2.99283
2.76945
2.53592
3.10325
2.70947
2.86361
2.76472
2.50542
2.8481
3.28543
2.93374
3.04791
2.98905
2.93223
3.10176
3.2339
2.99885
2.39994
2.90401
2.53608
3.41869
2.17347
3.09729
3.23174
2.40718
3.24379
3.09784
3.02115
3.34618
2.89294
2.71412
3.03632
2.97007
3.01024
2.70625
3.357
2.34421
2.23896
2.7559
2.77555
2.70818
2.52328
2.60389
2.68527
2.82226
2.49438
2.57489
2.58809
2.56085
2.77688
2.52428
2.85009
2.51837
2.83372
2.83612
2.94174
2.18814
2.97242
3.0087
3.0041
2.6127
3.02034
2.92875
3.12546
3.17254
3.03325
3.26886
3.03986
3.04405
2.9719
3.27151
2.91379
3.10122
3.06444
2.91747
3.11522
2.62007
2.54632
2.63331
2.68733
2.59344
2.83236
2.72716
2.61008
2.28867
2.91159
2.78375
2.47329
2.84881
2.54594
2.82156
2.67628
2.94198
2.87649
2.86817
2.84981
2.43387
2.46189
2.87763
2.53869
3.08476
2.44278
2.54539
2.6403
2.98847
2.63116
2.98749
2.54646
2.70828
2.75975
2.86222
2.95679
2.81543
2.94671
2.73055
3.09414
2.80224
2.62644
2.63977
2.7259
3.24172
3.03802
3.21699
2.89014
2.94159
2.75535
2.72407
3.19405
2.78569
3.23523
2.92804
3.27835
2.48634
2.62271
2.79337
2.30245
2.87751
2.86117
2.50798
3.03088
2.67954
2.50205
2.93168
2.72194
2.77519
3.01344
3.03802
3.02848
3.18042
3.07947
2.91614
3.00117
2.77818
2.87155
2.93042
2.61601
3.12291
2.91361
3.0357
2.85427
2.83121
2.61262
2.9224
2.88693
2.25806
2.9318
3.11567
2.97329
2.87223
2.47374
2.97627
2.75488
2.60439
2.8423
2.71699
2.94583
2.85762
3.01302
3.32779
2.98638
2.88811
2.92551
2.92259
2.51225
2.88143
3.00111
3.00234
3.23789
3.11762
2.5652
2.8939
2.79881
2.6876
3.08497
2.92206
3.39043
2.91524
2.76624
3.31106
3.28517
3.06054
2.69029
2.56039
2.71334
2.90243
2.34699
2.87314
2.84047
2.70285
2.9856
2.81638
2.82957
2.98879
2.79318
3.09133
2.82679
3.22988
3.15816
2.86665
3.14053
3.32551
3.27114
2.17851
3.34212
2.64056
2.86313
3.02414
3.19347
2.78591
3.39695
2.84911
3.10823
2.44061
2.84591
3.04499
3.07712
2.99478
3.05887
3.07275
2.88639
2.78845
3.15762
3.25283
3.09968
2.98964
3.03636
3.09526
3.20611
2.77435
3.18327
3.11032
2.97156
2.87466
3.11574
2.52759
2.52528
2.80991
3.14037
3.29679
3.12797
2.72047
3.13409
3.18495
3.16533
3.34689
3.14371
3.02358
