1.31647
1.23337
1.1568
1.20075
1.21106
1.02491
1.37579
1.23712
1.30789
1.0487
1.35259
0.880484
1.52756
1.2475
1.61265
1.22574
1.29125
0.815334
1.27414
1.19074
1.42743
1.10114
1.35488
1.55642
1.10534
1.44151
1.13189
1.17559
1.13733
1.50851
1.50747
1.18253
1.07706
1.30256
1.05997
1.49076
1.182
1.11136
1.1841
1.73389
0.846761
1.81205
1.30638
0.967668
1.10253
1.33366
1.14108
0.997805
0.912914
1.43096
1.22427
1.1587
0.860257
1.20606
1.11011
1.33664
0.466098
0.870761
1.12107
1.15677
1.24123
0.834994
1.28324
1.33381
1.35884
1.20898
1.58482
0.994554
1.12267
1.66192
1.22328
1.26841
0.834234
1.12666
1.20131
1.26452
1.37789
0.968432
1.12449
1.37938
1.14894
0.936818
0.661008
1.14409
0.886717
1.21527
1.35793
1.04649
1.06713
1.17558
1.33511
1.14723
0.743292
1.16607
1.12539
1.05779
1.03388
1.10394
1.09023
1.57242
1.15737
1.48479
1.32655
1.04399
1.53735
1.33129
1.42241
1.33577
1.58212
1.04942
1.50824
1.3322
1.7992
1.37395
1.27
1.22846
1.23311
1.69251
1.38707
1.38315
1.32695
1.78274
0.906183
1.62826
1.21991
1.47941
0.944791
1.61471
1.09072
1.1148
1.54587
1.25051
1.30628
1.17788
1.09359
1.02551
1.41478
1.24887
1.42531
1.31244
1.48761
1.21641
1.37231
1.00267
1.52018
1.40119
1.27158
1.51312
0.854515
1.58342
1.15799
1.22495
1.11626
1.18526
1.25841
1.31329
1.55329
1.5965
1.30821
1.19606
1.3095
1.33873
1.2588
1.05835
1.0761
1.48453
1.62487
1.21522
1.17617
0.83846
1.33532
1.36824
1.29184
1.28303
1.80933
1.07441
1.40234
1.15513
1.34448
1.48018
1.15346
1.62303
1.56428
1.34788
1.60036
1.27913
1.06033
1.27782
1.4627
1.19709
1.5973
1.524
1.39774
1.47393
1.23562
1.17519
1.47049
1.31041
1.34169
1.03956
1.6791
1.15145
1.29202
1.18216
0.993846
0.813142
1.44043
1.5048
1.25469
1.13346
1.1937
0.926728
1.02819
0.923333
1.10321
1.16638
1.22773
1.34719
0.846299
1.56201
1.04339
1.45522
1.24498
1.37013
1.22562
1.62093
1.39843
1.27203
1.54572
1.46863
1.30041
1.12689
1.07335
0.829347
1.20204
1.2526
1.64346
0.901897
1.24656
1.2897
1.35055
1.02528
1.30695
1.03216
1.42913
1.15491
1.08374
1.30217
1.02045
1.34881
1.28578
1.22361
0.996831
1.27823
1.12586
1.19013
1.45892
1.25698
1.19873
0.970313
1.47506
1.40465
1.28741
1.14334
1.31872
1.13655
1.41527
1.33669
0.831444
1.50503
0.898916
1.36635
1.16124
1.20739
1.44865
1.21496
1.41089
1.31321
1.09232
1.21244
1.0467
1.44578
1.43053
1.3147
1.09255
0.958497
1.05324
1.15387
1.03734
1.26479
1.2289
1.3668
1.13526
1.07568
0.744408
1.24191
1.23523
1.54307
1.26297
1.13306
1.11522
0.980455
1.03627
1.81652
1.02519
1.46333
1.0513
1.39504
1.1685
1.33511
1.33137
0.89765
1.35037
1.58526
1.26621
1.33084
1.06349
0.942612
1.30295
0.876006
1.33118
1.4032
0.906486
1.09174
0.846411
1.47205
1.01702
1.06535
0.749231
0.929617
1.17877
1.35743
1.1806
1.00831
1.28152
1.46343
0.660273
1.22573
1.10285
1.02335
1.69476
1.0745
1.31191
1.11047
1.31901
0.909976
1.36735
0.874437
1.17462
0.994988
1.36677
1.5791
1.36305
1.03282
1.04388
1.38756
1.03448
1.30931
1.10491
1.36893
1.02785
0.996567
1.12426
1.35212
1.16296
1.21109
1.22807
1.25184
1.34168
1.0776
1.20462
1.29251
0.954631
1.00326
1.3146
0.897318
0.999328
0.700584
1.37221
0.69746
1.33861
1.06196
1.17355
1.27614
0.993985
1.39767
0.855471
0.940334
0.981282
1.57181
1.36421
1.44684
1.53611
1.23685
1.25737
1.4585
1.03352
1.19635
1.59129
1.06258
1.14412
0.948417
1.32257
1.43638
1.22318
1.37483
0.78657
1.10206
1.45195
1.30492
1.66777
1.10526
1.23994
1.16648
1.00342
1.32011
1.48824
1.03506
0.720098
1.0153
1.29339
1.234
1.13869
1.09893
0.915623
1.39602
1.32292
1.44517
1.23786
1.40916
1.15075
0.886443
0.895956
0.903476
0.942139
1.38243
1.46529
1.23813
1.17502
1.3096
0.980426
1.57399
1.08474
1.24541
0.700656
1.41832
1.44026
1.50579
0.776166
0.972584
1.38608
0.944517
1.54052
1.04249
1.12824
1.17822
1.13349
1.08891
1.44412
1.41064
0.998643
1.57318
0.928572
1.57602
0.873765
1.16723
1.23549
0.726641
1.01931
1.05888
1.07558
0.824818
0.685892
1.31461
1.12708
1.37189
1.01672
1.34381
1.40689
0.981431
1.0519
0.870024
0.879053
1.09857
1.36717
1.42173
1.48527
1.42704
0.996761
0.857853
1.36378
1.07651
1.25631
1.37127
1.34648
1.67421
1.3833
0.796147
1.21514
1.37585
1.16903
1.31149
1.55447
1.28973
1.49376
1.51882
1.39519
1.61605
1.10494
1.53449
1.62742
1.15178
1.30502
1.14844
1.67729
1.31055
1.35181
1.16221
1.27759
1.46759
1.52194
1.39935
1.2912
1.02609
1.43147
1.10681
1.36986
0.962146
1.11171
1.25734
1.00545
1.25821
1.36639
1.31947
1.19394
0.9922
1.23079
0.761409
1.16181
1.21747
1.41577
1.41552
1.30545
1.41045
1.31097
1.14111
1.14685
1.20616
1.15957
1.08936
0.929973
1.41578
1.0412
0.984964
1.09363
1.14099
1.50999
1.32309
1.37617
1.19542
1.18476
1.30001
1.07964
1.24463
1.24421
1.06836
1.68193
1.19284
1.10868
1.34723
0.961356
0.953742
1.12689
1.24507
1.40403
1.17984
1.08414
1.43974
1.42205
1.42236
1.20786
1.08553
1.30529
1.67897
0.793906
1.51141
1.2607
1.80014
1.38672
1.4548
1.03873
1.43038
1.6274
1.55706
1.38825
1.5371
1.85701
0.742746
1.80948
0.879454
1.25658
0.977805
1.88458
1.18468
1.3614
1.49406
1.15934
1.34442
1.52066
1.13801
1.15978
1.69337
1.92646
1.19761
1.73699
1.63615
1.46651
1.29937
1.11219
1.41444
1.49954
1.44199
1.58419
1.25407
1.47366
1.30037
1.18997
1.25691
1.61557
1.01217
1.15426
1.55065
1.36044
1.52628
0.844401
1.50298
1.41125
1.28691
1.16484
1.22521
1.16337
1.66297
1.65381
1.26302
1.32926
1.09679
1.58557
1.13533
1.43247
1.76143
1.22826
1.33503
1.14397
1.56797
1.17996
1.04455
1.65524
1.56245
1.42978
1.54731
0.977678
1.16848
1.16296
1.4928
1.27348
1.42524
1.53649
1.36599
1.53061
1.25447
1.2278
1.61852
0.887945
1.13639
1.38441
1.24224
1.17153
1.4043
1.04153
1.24878
1.02094
1.13219
1.07996
1.13518
1.1796
1.74028
1.03696
1.37674
1.17401
1.22926
1.40092
1.13966
0.99026
1.4498
1.40259
1.28732
1.76549
1.24836
1.55057
1.28728
1.59559
1.29166
1.18802
1.45508
1.76541
1.46916
2.18023
1.04995
1.69578
1.46551
1.42982
0.86419
1.55304
1.15787
1.46255
1.21869
1.04573
1.60238
0.644474
1.56645
1.57085
1.45587
1.18872
1.35783
1.1141
1.25196
1.27558
1.64352
0.989409
1.0429
1.63014
1.05678
0.994628
1.36546
1.41647
1.46823
1.38467
1.56988
1.41218
1.69525
1.44507
1.48254
0.984734
1.40027
1.40986
1.37498
1.27819
1.53846
1.31597
1.58601
1.31339
1.71322
0.979878
1.74544
0.52843
1.21921
0.841945
1.29624
1.2245
1.14255
1.40928
1.67041
1.01681
1.31758
1.20896
1.59063
0.998192
0.853512
1.20343
1.19134
1.30358
0.907334
1.11278
1.12067
1.24337
1.05187
1.55711
0.750035
1.3232
1.25297
1.03396
1.20875
1.08619
0.734162
1.10052
1.45506
0.775558
1.36895
1.18763
1.16716
0.990566
1.05676
0.890281
0.912982
1.23633
1.6083
1.16284
1.81847
1.00666
1.33276
1.16129
1.11368
0.849841
1.3322
1.17248
1.13266
1.39033
1.0138
1.1803
0.480969
1.12663
1.72162
1.15777
1.38726
1.19109
1.42075
1.11478
1.12043
1.55027
0.629117
1.12991
1.1548
1.24882
1.02965
1.51613
1.25489
1.21899
1.11092
1.36218
1.18123
1.28546
1.35028
0.970374
0.938291
1.13923
1.48512
1.09469
1.06125
1.15734
1.39852
1.44603
1.16787
1.50058
1.10556
1.36797
0.539372
0.84144
1.1189
1.44751
1.26016
1.00629
1.16797
1.08311
1.06031
1.05523
0.968675
1.29288
0.981498
1.45387
0.863958
1.36848
1.33955
1.27853
0.923082
1.17553
1.41032
1.2164
1.4405
1.70191
1.14426
1.35266
1.38893
0.846669
1.21987
0.994678
1.59878
1.53721
1.5127
1.2262
1.12881
1.71253
1.48329
1.10677
1.12731
1.44804
1.67694
1.57421
1.54456
1.2138
1.60032
1.48334
0.835369
1.07292
1.30003
1.3458
1.55427
1.08295
1.27918
1.59624
1.07391
1.32717
1.42496
1.29937
0.914826
1.21541
0.765999
1.44456
1.43209
1.30505
1.30682
1.14048
1.27629
0.916287
0.991599
1.30717
1.26918
0.834277
1.55092
1.17664
1.38296
1.25162
1.30328
1.47831
1.41348
1.24499
0.970268
1.63232
1.134
1.35578
1.35585
1.37578
1.25029
1.40252
0.967931
1.18707
1.13697
0.975446
0.821323
1.28372
1.05837
1.38477
1.42512
1.31612
1.22484
1.66616
1.37058
1.18838
1.78084
1.16901
1.58976
1.5151
1.39636
0.675051
1.24644
1.39619
1.28971
1.56604
1.63663
1.30147
1.34164
1.47486
1.12422
1.58747
1.26325
1.49797
1.79246
1.37558
1.37825
1.36951
1.73298
1.56855
1.39778
1.09884
1.29038
1.51099
1.48117
1.61141
1.1821
1.3136
1.64012
1.23475
1.41969
1.28302
1.11717
1.80405
0.718471
1.34523
1.43288
1.39775
1.39468
0.938099
1.06082
0.598596
1.34501
0.92918
1.58261
1.31484
1.34129
1.53454
1.30953
1.50459
1.18896
1.16211
1.21246
1.39921
1.12034
1.55197
1.14779
1.0942
1.50923
1.02498
1.78299
1.21104
1.44362
1.20755
1.46888
1.33444
1.23743
1.30282
1.05096
1.26585
1.47041
1.23819
1.09522
1.35968
1.3408
0.854837
0.816758
1.12822
1.56771
1.26805
1.45341
1.1879
1.63043
1.35394
1.6625
1.16898
1.13173
0.864397
1.1594
1.25917
1.25643
0.883709
1.1607
1.14677
1.53559
0.692677
1.52052
0.579515
1.34631
1.00584
1.22078
1.05991
1.4037
1.22645
1.13948
1.25418
1.41405
0.895372
0.964369
0.896877
0.663658
1.09043
1.25257
1.5229
0.595704
1.29797
1.38118
1.14023
0.961677
1.3062
1.0434
1.50971
1.37628
0.991227
1.15298
0.981605
1.09037
1.65782
1.14902
1.38784
1.09046
1.40488
1.34084
1.49331
1.2947
0.789094
1.15707
1.31569
1.48254
1.28048
1.35225
1.11668
1.1633
1.2702
1.49469
0.920926
1.51213
1.03453
0.901129
1.21208
1.01311
1.63159
1.17976
1.25815
1.26138
1.17873
1.12297
1.03628
1.10819
1.5334
1.19164
1.05857
0.715639
1.24496
1.39619
0.919585
1.3367
0.972027
1.15014
1.09524
1.20232
1.31086
1.0596
1.57849
1.25295
1.35243
0.737787
1.32614
1.21936
1.48473
1.04369
1.49226
1.44616
0.869692
1.42208
0.758953
1.1347
0.845354
1.55154
1.14941
1.21048
1.07813
0.904584
1.21468
1.27062
1.08382
0.9336
1.36862
1.70717
1.30329
1.65003
1.16455
1.13774
1.32695
0.901417
1.10322
0.972457
1.0676
1.30832
1.04242
1.17023
1.13766
0.982651
1.00989
1.3301
0.889965
1.02047
1.00949
1.14801
1.25161
0.986926
1.4257
1.09469
1.37379
0.99579
1.09769
0.823426
1.31373
1.24918
0.981835
1.17232
0.957744
1.18137
1.09942
1.37068
1.24366
0.945236
1.21886
1.20333
1.18513
0.833122
0.884876
1.34343
1.12087
1.23243
1.47002
0.77302
1.03014
0.968212
1.04172
0.831925
1.05972
1.1659
1.16798
1.06782
0.923364
1.11912
1.34178
1.56133
1.23868
1.638
1.40667
1.42459
1.35481
1.49255
1.62063
0.997477
1.46318
1.67047
1.54001
1.81396
1.8062
1.33035
1.22008
1.63529
1.34789
1.42601
1.39151
1.39421
1.40226
1.44648
1.32989
1.63115
1.7082
1.83989
1.43639
1.86478
1.77062
1.33508
1.02321
1.48943
1.28716
1.33048
1.36525
0.43339
1.67859
1.19872
1.41641
1.08582
1.27672
1.78679
1.6687
1.42397
1.44374
1.66268
1.13486
1.3824
1.50582
1.3501
1.12271
1.05502
1.35201
1.54525
1.37601
1.44474
1.41485
1.23918
1.28273
1.64126
1.10914
1.58142
1.50961
1.43747
1.26329
1.48547
1.30554
1.56811
1.26334
1.31745
1.96174
1.33842
2.10459
1.07197
1.73424
1.18114
1.19897
1.45272
1.8152
1.60082
1.19927
1.64711
1.27993
1.73393
1.18587
1.35484
0.908466
1.27507
1.17975
1.21887
1.17949
1.26149
1.34857
1.71714
1.00546
1.34108
1.01881
0.944572
0.902257
0.879432
1.04371
1.59006
1.43635
0.787551
1.13402
1.5375
1.44261
1.01552
1.23505
1.29625
1.44277
1.53438
1.58308
1.06476
1.56647
1.45701
0.908221
0.845874
1.14857
1.03018
1.60717
1.09461
1.08814
1.36481
1.0401
1.10611
1.50964
1.30101
1.15957
0.938608
0.774261
1.21607
1.42627
1.02613
1.16925
1.12307
1.21912
1.04146
1.12934
0.961345
1.22004
0.989721
1.23648
1.2324
1.52305
1.50314
1.36288
1.31354
1.25494
0.89922
1.1599
1.61601
1.13642
1.32721
0.961365
1.23156
1.33457
1.21102
0.849758
1.24977
1.12542
1.11854
0.830167
1.32267
0.566171
1.34827
1.32935
1.35831
1.12661
1.5594
1.26352
1.4235
1.49436
1.27091
1.27996
1.22955
0.969033
1.42881
1.18023
1.82563
1.4555
1.72454
1.32228
1.41899
1.23529
1.51782
1.34735
1.11892
1.3165
1.52122
1.37199
1.47443
1.40977
1.31136
1.57461
1.44883
1.91168
1.38772
1.61415
1.2699
1.4372
1.06021
1.39623
1.03584
1.13221
1.63848
0.913215
1.54532
1.18955
1.36489
1.76736
1.59257
1.2782
1.17461
1.61747
1.58265
1.54374
1.27232
0.931579
1.02446
1.33763
1.35028
1.27986
1.20412
1.13825
1.57734
1.27012
1.71548
1.55521
1.33043
1.49724
1.32457
1.60885
1.14405
1.42074
1.17309
1.33291
1.38525
1.01213
1.71113
0.783728
1.5666
1.33594
1.7759
1.15208
1.05396
1.43431
1.64873
1.28694
1.19599
1.19188
1.45447
1.40544
1.38919
0.970295
1.39196
1.06564
1.19919
1.27643
1.01856
1.25716
1.2023
1.30877
0.937299
1.10667
0.666528
1.17975
1.1787
1.19363
1.38057
0.993013
1.37175
0.98259
1.25225
0.88634
0.979442
0.949139
1.33388
1.13684
1.76497
0.989513
1.54361
1.14557
1.14182
0.689516
1.38234
1.00363
1.51332
1.34999
1.13401
1.16055
0.831226
1.18579
1.67935
1.14735
1.38588
1.14977
1.33397
1.1682
1.30304
1.13745
0.753052
1.0568
1.30319
1.42588
1.13375
1.32983
1.36188
1.31505
0.99527
1.55792
1.37896
1.47998
1.39316
1.1367
1.15043
0.934409
1.36573
1.30607
1.06752
1.27249
1.18833
1.30235
1.10821
0.963767
1.27768
1.36241
0.900209
1.17015
1.22368
1.45065
1.01107
0.997394
1.17574
1.30728
0.737743
1.15608
1.30787
0.403738
1.56927
1.20211
1.15038
0.887414
1.38055
1.42515
1.26117
1.28284
1.09443
1.3276
1.60332
1.2585
1.55299
1.37437
1.70334
1.02862
1.4038
0.858981
1.01757
0.957787
1.2791
1.24607
1.64662
1.21762
1.46057
0.949194
1.21491
0.855895
1.41923
1.2681
1.30982
1.18395
1.48491
1.34949
0.8151
1.45
1.30007
1.3223
1.22394
1.45502
1.25561
0.814064
1.47919
1.18206
1.18269
0.983788
1.38705
1.43085
1.28578
1.42988
1.47611
1.09207
1.19573
1.483
1.15501
1.33875
1.34913
1.44539
1.20312
1.2929
1.15474
1.32355
1.32926
1.40287
1.43394
1.48226
1.14229
1.38664
1.41148
1.35191
1.02899
1.18567
1.13305
1.46253
1.34467
0.823798
1.50286
1.34409
0.86719
0.875573
1.25288
1.0825
1.48842
1.18165
1.47891
1.26576
0.941421
1.4368
0.971264
1.30656
1.12433
1.48601
1.40227
1.28297
1.27443
1.16756
1.41257
1.35635
1.22285
0.919693
1.29833
1.64251
1.22528
1.73855
1.03607
1.0556
1.43508
1.18999
1.2341
1.16134
1.01628
1.45785
0.835533
1.05685
1.2129
1.02792
1.2142
1.11796
0.847637
0.662363
1.21768
0.986316
1.35749
0.927425
1.51254
1.24511
1.2145
1.31475
1.07818
0.911632
1.24745
1.32895
1.08093
1.39047
0.916975
0.883665
1.32827
0.976918
1.4972
0.797017
1.34012
1.30611
1.15632
1.12636
0.980104
1.27893
1.06094
1.19411
1.59791
0.94888
1.10043
0.940863
1.0884
0.713985
0.709845
1.15375
1.33491
1.09193
1.20592
1.12244
1.32961
1.63407
1.04511
1.12099
0.795907
1.40162
1.49567
1.38189
1.25955
1.2538
1.30818
1.5855
1.33359
1.48745
1.27626
1.62825
1.10118
1.47968
1.05119
1.02908
0.995429
1.29686
1.3322
1.63553
1.28125
1.48364
0.970328
1.15544
0.865418
1.30681
1.14314
1.26516
1.05223
1.46626
1.42775
0.951667
1.46222
1.06672
1.33674
0.989218
1.35307
1.18995
0.978194
1.47607
1.02616
1.1943
0.977273
1.34451
1.28902
1.14512
1.27839
1.35395
1.10122
1.15017
1.49337
1.21894
1.21133
1.40964
1.52469
1.29784
1.31347
0.853977
1.25945
1.21753
1.36256
1.32834
1.45411
0.951743
1.34762
1.299
1.3757
1.08906
1.20971
1.02711
1.36199
1.31653
0.735836
1.4115
1.35739
0.822942
1.01422
1.65515
1.11588
1.82991
0.875544
1.36359
0.994349
1.50903
0.991249
1.22365
0.858004
1.59033
1.2899
1.05314
1.17915
1.51679
1.17065
1.23813
1.311
1.24498
1.57259
1.24192
1.88274
0.906102
1.1267
1.519
1.4678
1.15294
1.23546
0.946736
1.44772
1.50295
0.491281
1.05544
1.06031
1.0098
1.82776
1.16729
1.39102
1.05202
1.36489
1.3612
1.23147
1.57008
1.05344
1.26699
1.35274
1.48967
1.35703
1.14897
1.35479
1.38994
1.37502
1.18788
1.16602
1.67664
1.0551
1.04137
0.976142
0.987235
1.89375
1.23077
1.38927
1.13654
0.936757
1.2086
1.3768
1.64565
1.22148
1.42544
1.02586
0.962228
1.23356
1.26583
0.881066
1.55077
1.06546
1.27036
1.47487
1.28043
1.43713
1.44522
1.37086
1.78425
1.27064
1.45718
1.46967
1.05096
1.47306
1.63327
1.0334
1.21429
1.23428
1.59041
1.21893
1.11922
1.15884
0.939188
1.07751
1.44059
1.00673
1.41679
1.42083
1.19269
0.879073
1.22569
1.16934
1.20468
1.47648
1.33761
1.49342
1.32457
1.44483
1.12971
1.39177
1.30294
1.1987
1.19096
1.46904
1.48913
1.68002
0.592408
1.30465
1.22726
1.02158
1.47782
1.40611
1.28831
1.15755
0.994207
1.21332
1.47167
1.36918
0.997173
1.36072
1.41931
1.71666
1.06425
1.01731
1.42348
1.25834
1.20723
1.26202
1.33878
0.868481
0.933379
1.55149
1.02015
1.56518
1.11521
1.42359
1.60286
1.19817
1.29143
1.26229
1.05763
1.24981
1.48963
0.962326
1.4154
1.29054
1.41319
1.40916
1.02823
1.23508
1.34695
0.966989
1.16724
0.998594
1.231
0.713093
1.19604
1.20748
1.07328
1.14375
1.60557
1.00554
1.93678
1.2337
1.16961
0.885152
1.33499
0.857563
1.11531
0.791105
0.767957
1.43341
0.881825
1.06876
0.810818
1.12829
1.54247
1.13201
1.18237
1.03897
1.55769
1.1457
1.02709
1.35424
0.652966
1.11499
1.09102
1.37264
0.964477
1.22999
1.2403
1.43673
0.868107
1.40421
1.22425
1.0918
1.45122
1.06271
1.04023
1.10606
1.386
0.607306
0.960126
0.936712
1.10155
1.42688
0.8047
1.53512
1.06296
1.52679
0.739201
1.02819
1.2252
1.32066
1.32043
0.667973
0.920711
1.06797
1.07544
0.773788
1.88882
1.50021
1.80576
1.5649
1.51563
1.63383
1.87423
1.11356
1.50755
1.58132
1.80539
0.734814
1.58088
1.41639
1.13319
1.23664
1.61504
1.19507
2.03261
1.60314
1.53181
0.957561
1.56421
1.24899
1.58748
1.24777
1.26376
1.40122
1.62031
1.44117
1.17449
1.65101
1.33497
1.37269
1.26693
1.64798
1.78762
1.33939
1.33616
1.43879
1.20174
1.25243
1.51459
1.60939
1.2768
1.66675
1.60736
1.65454
1.09205
1.79767
1.38348
1.27421
1.66196
1.7409
1.34656
1.60567
1.22863
0.996261
1.32822
1.35475
1.63883
1.72297
0.959911
1.60788
1.5562
1.68671
1.15916
1.56749
1.47521
1.54733
1.79683
0.678999
1.41517
1.49467
0.929634
0.952758
1.72669
0.682425
1.45118
1.17384
1.30882
0.946157
1.78671
1.5428
1.11077
1.36486
1.80978
1.27874
1.22112
1.28433
1.09144
1.2988
1.67349
1.65895
0.682175
1.51569
1.69315
1.25734
1.03691
1.31226
1.1638
1.64097
1.37055
0.990083
1.50622
1.13237
1.28964
1.67292
1.4987
1.39043
1.06547
1.13604
1.39051
1.74772
1.41079
1.15241
1.26454
1.5118
1.36236
1.3931
1.16251
1.1354
1.14451
1.56261
1.48691
1.18564
1.76226
1.17506
1.10434
1.36572
1.15654
1.69472
1.52135
1.46659
1.54795
1.06442
1.25453
1.34508
1.47156
1.43057
1.4292
1.2239
0.771194
1.06609
1.41717
0.699542
1.59696
1.26244
1.4496
1.41162
1.50777
1.66972
1.05556
1.20542
1.11716
1.66621
0.980302
1.35193
1.59903
1.26513
1.24931
1.30349
1.12076
1.03962
1.60806
1.73233
1.14434
1.83216
1.39145
1.28452
1.4442
1.30506
1.48132
1.61458
1.34193
1.60722
1.12184
1.31516
1.14626
0.99223
1.22752
1.599
1.04598
1.31784
1.64143
1.5041
1.42572
0.67163
1.71676
1.25729
1.21078
1.32227
1.16127
1.32993
1.73295
1.54824
1.40561
1.19343
1.20426
1.35618
1.49996
1.15636
1.75957
0.701184
1.40741
1.513
1.3825
1.43384
1.11636
1.66238
1.57101
1.5081
1.74873
1.11356
1.26606
0.903955
1.46866
1.2059
1.41732
1.53427
1.4786
1.47261
1.3768
1.19137
1.4637
1.40136
1.02863
1.19881
0.951351
1.69887
1.40955
1.05679
1.38867
1.59146
1.12675
0.97334
1.18584
0.793876
1.06421
1.53049
1.45835
0.689137
1.39736
1.55674
1.15251
0.998321
1.22943
1.15455
1.69195
1.42238
1.19738
1.2252
1.17069
1.10497
1.71215
1.32865
1.57255
1.03147
1.29774
1.22044
1.74249
1.2389
1.12545
1.38703
1.3768
1.61482
1.487
1.25678
1.25296
1.06106
1.37495
1.47295
1.15212
1.71786
1.24612
0.905303
1.32578
1.00553
1.73734
1.50249
1.39866
1.43216
1.14793
1.06241
1.39341
1.15834
1.5703
1.18533
1.33334
0.901544
1.24608
1.4965
0.692763
1.51576
1.22038
1.24323
1.2911
1.35139
1.20822
1.13743
1.73171
1.32622
1.56064
1.28802
1.2488
1.41727
1.52978
1.14357
0.844645
1.38176
1.73405
1.50761
1.74766
1.11032
1.63906
1.57289
0.886565
1.12195
1.38855
1.32389
1.80409
0.978467
1.4839
1.50524
1.10581
1.40145
1.37835
1.04098
1.09696
1.27918
1.01143
1.50499
1.28897
1.47187
1.2168
1.43495
1.41794
1.15316
0.798907
1.5556
1.43223
1.08389
1.44493
1.38077
1.35125
1.42156
1.49509
1.50223
1.21088
1.42581
1.08488
1.56152
0.896133
1.33078
1.59813
1.16882
1.34535
1.17388
1.10986
1.12239
1.09568
1.27712
0.857258
1.13965
1.21252
1.30379
1.29115
1.3447
0.829003
1.64519
1.01937
1.21742
1.24314
1.43757
1.00808
1.2945
1.12337
1.26573
0.707269
1.23282
1.25328
1.58933
1.0564
1.78912
1.156
1.44343
1.04635
1.2078
0.69555
1.3556
1.17347
1.3077
1.52668
0.94231
1.09344
0.650176
1.0606
1.89886
1.19733
1.44392
1.18223
1.21943
0.967723
1.19695
1.29133
0.946928
0.96301
1.17637
1.42775
1.26117
1.28592
1.51271
1.20455
1.17265
1.22854
1.45234
1.42545
1.31743
1.03545
1.09791
0.732504
1.527
1.44786
1.20801
1.20272
1.12835
1.44901
1.34767
1.36268
1.05923
1.38083
0.816232
1.04309
1.25347
1.52774
0.987319
1.12868
1.39432
1.216
1.17365
1.11191
1.2271
1.2861
0.846965
1.01662
0.649913
1.43015
0.93973
0.734098
1.12001
1.26936
1.28288
1.26095
1.02752
1.29616
1.06495
1.16005
0.619071
1.1515
0.96746
1.09128
1.24267
1.17013
1.10991
0.917162
1.0719
0.488326
1.52012
1.08653
1.217
1.02363
1.25085
1.16154
1.18893
0.94195
1.14711
1.07736
0.476347
1.07999
1.31706
1.1804
1.05876
0.728636
0.94013
0.844564
1.35193
0.97649
1.1244
1.24068
1.21108
0.705422
1.17192
1.38005
1.19121
0.841813
1.12017
1.30149
1.20772
1.31093
0.945707
0.780791
1.19988
0.937075
1.1316
1.49949
0.961949
1.34927
1.25547
0.754035
1.32875
1.40852
1.80699
1.26993
0.979586
1.30526
1.68227
1.26036
1.34979
1.51782
1.23245
1.19598
1.55505
1.70393
1.12347
1.34948
1.61582
1.45799
1.25351
1.25903
0.867114
1.58732
1.46186
0.842548
1.19586
1.32471
1.02859
1.76047
1.51845
1.53286
1.07243
1.48887
1.38568
1.58014
1.23852
1.20774
1.25266
1.35711
1.45757
1.64198
0.960007
1.18053
1.46655
1.17416
1.47711
1.49793
1.81489
1.23762
1.32708
1.28777
0.928129
1.8062
1.43236
1.61657
1.37393
0.720723
1.39831
1.4098
1.58856
1.35852
1.54178
1.35855
1.22934
1.33877
1.5842
0.775302
1.65732
1.2572
1.48332
1.5444
1.48261
1.33765
1.64396
1.32673
0.985508
1.08511
1.14096
0.951174
1.48302
1.63648
1.22727
1.83761
1.46711
1.49005
1.21734
1.26231
1.35868
1.69606
1.4249
1.27064
1.45413
1.43559
1.32496
0.884853
1.33343
1.76245
1.35326
1.56476
1.65404
1.89071
1.46006
1.10743
1.69234
0.845655
1.19603
1.23531
1.2809
1.33623
1.92424
1.33784
1.54111
0.978612
1.69004
1.42835
1.26409
1.49147
1.55662
1.15672
1.47087
1.45387
1.12222
1.36847
1.27697
1.79873
1.84077
1.18967
1.67701
1.41839
1.5151
0.847232
1.31162
1.47521
1.7998
1.76399
1.14474
1.41167
1.29317
1.12574
1.29437
1.2395
0.78233
1.39485
0.772852
1.18198
1.11813
1.1334
1.1958
1.10286
1.16761
1.42447
0.792736
1.20011
1.0884
1.47544
1.06952
0.95498
1.27085
1.36329
1.15107
0.718151
1.39912
0.574138
1.52505
0.996957
1.2917
1.17099
1.76079
1.53043
1.15762
1.07797
1.13905
1.27704
0.667469
1.44223
1.46687
1.34902
1.06991
1.25311
0.842018
1.19649
1.23327
0.980551
1.1025
1.37251
1.32005
0.967779
1.45394
0.988486
1.3117
0.608706
1.20402
1.30905
0.960227
1.3549
1.39765
0.940004
1.40576
1.1522
1.50313
1.5303
1.30803
1.43409
0.956856
0.742907
1.41516
1.36253
1.09688
1.31214
1.42899
1.22632
1.32724
1.11754
1.54701
1.39938
1.72766
1.15462
1.33737
1.23962
1.12609
0.710511
0.667357
0.685219
1.27363
1.39515
0.917862
1.1731
1.18698
0.984609
1.53235
1.18755
1.15002
0.35392
1.11035
1.19077
1.42623
0.928482
1.0615
1.34237
1.06399
1.4271
1.0097
0.596337
1.2369
1.16696
1.12839
1.22943
1.452
1.28058
1.55908
0.900445
1.35148
0.790927
1.31189
1.26196
0.842814
1.06086
0.574812
1.03737
1.09444
1.20054
0.921952
1.34875
1.2333
1.03125
1.07367
1.19544
0.631926
1.08462
0.95289
1.08658
1.23958
1.27196
1.61126
0.941249
1.1979
1.15077
1.42329
1.52535
1.40952
1.32716
1.32371
1.19766
1.46253
0.830897
1.36404
1.08431
1.10034
1.37291
1.35758
1.02849
1.12837
1.29298
0.662501
1.6845
1.14222
1.2879
0.994503
1.53374
1.63443
1.21431
1.27505
1.05095
1.3335
0.717544
1.12224
1.2413
1.3542
0.934192
1.14062
1.11445
1.16916
1.42915
1.06253
1.27992
1.24738
1.37629
0.980265
1.37697
1.2848
1.13449
0.880261
1.2376
1.35041
1.12958
1.38815
1.08733
1.04268
1.27557
0.965147
1.29059
1.5189
1.13826
1.52864
1.0157
0.867151
1.45683
1.6621
1.4537
1.21048
1.13412
1.21133
1.70525
0.920207
2.05399
1.47523
1.34092
0.829903
1.50373
1.05226
1.39364
1.10571
1.1807
1.51684
1.38708
1.08163
1.00318
1.37072
1.59989
1.10744
1.3971
1.413
1.70721
1.12382
1.07558
1.44253
1.02958
1.31888
1.32142
1.69304
1.18968
1.54326
1.66381
1.58511
0.939159
1.55625
1.38061
1.27261
1.64423
1.38939
1.09168
1.32821
1.4571
0.952599
1.11446
1.09355
1.46916
1.51835
1.13824
1.50662
1.34855
1.55823
0.997726
1.46579
1.45447
1.45063
1.5925
0.637453
1.26122
1.25156
0.958225
0.734475
0.937015
0.963544
1.06517
0.978265
1.26603
1.12876
1.13556
1.00819
1.35259
1.02041
1.40937
1.35605
1.2157
1.32062
1.39928
1.17181
0.934716
1.12447
0.739682
1.71088
1.23854
1.57147
1.33628
1.80249
1.42331
1.36695
1.37176
0.90829
1.1942
0.900775
1.36291
1.57866
1.62506
0.904
1.17461
0.963948
1.41041
1.07078
1.28163
0.970825
1.20384
1.21701
1.07761
1.65704
1.10055
1.49796
1.06536
1.44358
1.47436
1.1329
1.45466
1.56648
1.02759
1.207
0.862751
1.46831
1.74394
1.32864
1.5137
1.14229
0.888954
1.39557
1.32724
0.983946
1.03861
1.17444
1.06791
1.19705
1.13853
1.19479
0.973109
0.845686
0.952309
1.27666
1.25823
1.29513
1.26416
1.22837
0.940732
0.755367
0.871335
1.62219
1.09797
1.3688
1.28495
1.24871
0.863485
1.26975
1.08324
1.07036
0.907143
0.914636
1.32136
1.38867
1.40219
1.31765
0.759026
1.05336
1.07158
1.18034
1.18821
1.03472
1.16952
1.10107
0.799981
1.32565
1.4117
1.30498
1.09083
1.31122
1.36632
1.26195
1.24375
1.2471
0.895318
1.01718
0.911004
1.20647
1.56632
1.07209
1.19148
1.41597
0.932241
1.12735
1.09884
0.851873
1.21752
1.1757
1.47579
0.82089
1.22177
1.31409
0.874844
1.12098
1.30156
1.05508
1.5068
0.884414
1.29337
1.15546
0.935969
1.16645
1.17844
0.840651
1.05978
1.24745
1.38153
1.39291
1.15272
1.34395
0.80763
1.19622
1.22062
1.17391
0.92382
1.54915
1.06029
1.07878
1.0808
1.42638
0.775486
1.21889
1.09447
1.31141
0.980386
1.31522
1.18467
0.97756
0.984055
1.06859
1.49625
1.08392
0.864801
1.07985
1.36295
0.938582
0.912733
0.984373
0.993234
1.15641
1.26172
1.11453
0.895601
1.05521
0.611888
1.24082
0.922339
1.22507
1.41372
0.840451
1.14439
1.2197
1.14169
0.999408
1.09145
0.9212
1.47266
1.23586
1.29317
1.04702
1.18092
1.1397
1.29032
1.02978
1.25676
1.05706
1.43004
1.2094
1.54197
1.03987
1.01606
1.31041
1.27088
1.63039
1.26349
1.25251
1.20327
1.10369
1.13527
1.48199
0.79831
1.36463
1.2003
1.05403
1.25588
1.13109
1.44731
1.03034
1.16115
1.15236
1.18748
0.90881
0.9117
0.959945
1.60385
1.05156
1.28057
0.977966
1.24459
1.25404
1.04425
1.12255
0.906384
1.03859
0.944604
0.994894
1.66878
1.03673
1.21745
1.35309
1.59723
1.20924
1.52077
1.48611
1.29501
1.71972
1.24611
1.58032
1.30079
1.44733
1.20584
1.44495
1.5829
1.64244
1.51239
1.76152
1.41535
1.84255
1.15333
1.35159
1.32764
1.34791
1.51863
1.84628
1.55923
1.04251
1.2401
1.12714
1.71856
1.23943
1.6832
1.16244
1.60699
1.47594
1.33312
1.61659
1.46129
1.79289
1.5238
1.47113
1.51596
1.33016
1.42984
1.84311
1.20916
1.59047
1.27976
1.48075
1.84096
1.31181
1.666
1.45835
1.39548
1.40109
1.49606
1.84287
1.49331
1.07827
0.793539
1.51602
1.26289
1.46167
1.14532
1.29805
1.58374
1.12151
0.750581
1.10028
1.12368
1.7813
0.78904
1.28117
1.49586
1.64495
1.33466
0.73906
1.38844
1.18222
1.06646
1.20755
1.71943
1.36842
1.5005
1.73779
1.50498
1.15153
1.19091
1.27317
1.20223
1.1384
1.45606
1.09403
1.03571
1.60731
1.10164
1.30498
0.770308
1.33506
1.44918
1.15115
1.46248
1.37909
1.30684
1.07545
1.37975
1.58901
1.40187
1.48025
1.15129
1.27118
1.12739
1.21839
0.94418
1.68144
1.42783
1.69522
0.987729
1.80407
1.48369
1.70528
1.81485
1.51057
1.86482
1.43677
1.75276
1.12738
1.70481
1.64137
1.75576
1.63514
1.82688
1.66782
1.97284
1.20261
1.74108
1.60919
1.09642
1.64396
2.00255
1.77271
1.30201
0.980527
1.47463
1.50102
1.55217
1.42212
1.37931
1.74075
1.86018
1.38625
1.58177
1.8499
1.85508
1.48944
1.74813
1.66468
1.59988
1.53253
1.88487
0.88818
1.93698
1.3542
1.71298
2.05871
1.51765
1.93609
1.74081
1.18063
1.80326
1.88565
1.34562
1.63755
1.14425
1.01627
1.26527
1.01386
1.67456
1.07541
1.09614
1.31707
0.992865
1.25396
1.40155
1.16286
1.28129
1.06121
1.19568
1.3439
1.5035
1.4804
0.921421
1.34805
1.49015
1.32212
1.12441
1.33422
1.08744
1.13852
1.36814
1.48998
0.816162
1.69233
1.12971
1.07908
1.0041
1.29061
1.60258
1.22762
1.2162
1.37565
1.26859
0.944662
1.21547
1.27551
1.41882
1.21991
1.01452
0.855347
0.88182
1.12622
0.86828
1.40545
0.95864
1.31318
0.997207
1.33061
1.23364
1.36752
1.48181
0.979028
1.01022
1.20047
1.32854
1.16345
0.607038
1.32498
0.804496
1.40491
0.947774
1.27394
1.25003
1.62558
1.22751
1.14148
1.38025
1.36277
1.39909
0.97574
1.60901
1.5313
1.28908
1.36743
1.19318
1.12136
0.886754
0.903941
1.23459
1.00252
1.35519
1.008
1.16706
1.70294
0.950878
1.4538
0.667977
1.22588
1.17898
1.27705
1.71281
1.39268
0.99715
1.36807
1.16051
1.37839
1.29473
1.32789
1.45182
1.11384
0.810539
1.52799
1.04553
1.35135
1.0083
1.26623
1.18579
0.834191
1.60844
1.28991
1.00776
1.03563
1.15553
1.67545
1.18654
1.28623
1.36737
1.58014
0.991824
1.17488
1.06033
1.19789
0.994297
0.973021
1.64069
1.36511
1.33573
1.61673
1.31476
1.00136
1.25608
1.45105
0.850649
1.45993
1.35153
1.36881
0.964622
1.27514
1.16226
1.23881
0.950854
1.24742
1.61827
1.03309
1.48123
1.27124
1.40006
1.16155
1.27044
1.53256
1.60769
1.47479
0.735087
1.42715
1.02881
1.26171
0.766733
1.10654
1.08011
1.21895
1.45324
1.03468
1.38498
1.27895
1.12305
0.925429
1.35426
1.1871
1.2055
1.04757
1.23202
1.33415
1.47174
0.99489
1.08156
1.24506
0.828814
1.02483
1.1509
1.37975
0.893987
0.627313
1.10609
1.25891
1.28046
1.02226
1.31609
1.2463
1.38899
1.06906
0.94298
1.42664
1.04777
1.14859
1.37936
1.24286
1.093
1.05517
1.18728
0.773766
1.25329
0.873229
1.02096
1.49202
1.04975
1.29425
1.20615
0.893083
1.10788
1.54566
1.06208
0.950941
1.17819
1.35019
1.03455
1.2929
0.742153
1.22881
1.53071
1.22128
1.14982
0.856151
1.0031
0.915629
1.40208
1.07516
0.878694
1.07697
1.22546
1.36296
0.897198
0.994382
1.33124
1.0926
1.17515
1.35485
1.31208
1.27277
1.49399
0.901084
1.232
0.928767
1.19777
1.25704
0.866968
1.24447
0.960899
1.23456
1.03066
1.18955
1.01434
1.41211
0.880596
0.907006
0.979609
1.26194
0.871042
0.72341
1.16477
1.19004
0.934806
0.991211
0.81095
1.17699
1.29588
1.17985
1.07645
1.36238
0.910989
1.25786
1.11099
1.08775
0.505476
1.23029
1.16554
1.47899
0.995231
1.29902
1.5332
0.910723
1.50676
1.14327
0.743834
1.20638
0.962883
1.17987
1.0135
1.22399
1.0873
1.51298
1.0085
1.35748
1.03959
1.32277
1.14741
0.955373
0.891049
0.864175
0.899977
1.13572
1.38884
1.08693
1.09874
1.44016
1.00817
1.08461
1.1195
0.912997
1.18219
0.943773
0.792288
1.40186
1.22409
1.21978
1.0846
0.777446
0.935129
1.10177
0.944412
1.19689
0.969669
0.909506
0.729114
1.27918
1.2244
1.10106
1.01927
0.904874
1.15594
1.09742
1.27333
0.988629
0.740502
1.06341
1.2858
0.844469
1.2354
1.11881
1.27794
1.22371
1.18173
0.984986
0.953262
1.29787
0.788865
0.972442
0.842557
0.646078
0.982477
0.819317
1.29084
1.00164
1.27704
1.03845
1.09036
0.987019
0.971914
0.868399
1.04009
0.660171
1.10415
1.01925
1.06559
1.69905
1.18234
1.26085
1.09628
1.19329
1.72477
1.53254
1.4151
1.29533
1.73848
1.09625
1.38479
1.39052
1.19263
1.19954
0.966258
1.51259
1.45467
1.33057
1.38304
1.40866
1.09819
1.34902
1.4942
0.959936
1.59855
1.28731
1.43093
1.19784
1.48564
1.04033
1.40449
1.12067
1.25109
1.80602
1.12862
1.92413
1.21323
1.65238
1.18976
1.10808
1.49763
1.73751
1.56574
0.983327
1.42912
1.08316
1.61169
0.938556
1.44767
1.41343
1.19691
1.35061
0.671782
1.21077
0.874353
1.36354
1.10372
1.37263
1.33574
1.33127
1.33996
1.26233
1.40842
0.881586
1.1704
1.3509
1.11401
1.06422
1.22795
1.34206
1.08125
1.51399
1.14746
1.76394
0.996609
1.50104
1.04977
1.34694
1.34057
1.32045
1.43398
1.2117
1.24675
1.49814
1.1942
1.11112
1.19068
1.31937
0.628343
1.08586
1.21396
1.41233
1.28703
1.43502
0.956846
1.52755
1.06421
0.954649
0.9519
1.74687
1.1835
1.19105
0.988775
1.34494
1.33933
1.05073
1.3821
0.904446
0.993032
1.17629
1.26771
1.2103
0.992444
1.2229
1.40099
1.17071
1.1737
1.30189
1.43403
1.08942
1.13303
1.0349
0.836225
1.63495
1.09416
1.26466
1.00613
0.734637
1.36245
1.11963
1.60966
0.964486
1.4839
0.870209
0.952165
1.19014
1.29145
0.927311
1.34047
1.02203
1.23675
1.3846
1.22962
1.18588
0.601907
1.62039
0.786147
1.36679
1.19946
1.60606
1.14944
0.971555
1.18193
1.17133
1.23468
0.860157
1.63356
1.48093
1.27732
1.43489
1.23605
0.878765
0.960998
1.13015
1.21461
1.03632
1.23025
0.976637
0.824978
1.64582
1.03992
1.32291
0.558036
1.12665
1.17818
1.229
1.40968
1.32619
0.963057
1.24213
1.20871
1.45605
1.39308
1.20005
1.31489
1.09659
0.783551
1.33559
0.979923
1.16519
1.55571
1.20954
1.21474
1.26635
1.20691
0.887005
1.08229
1.3931
0.755953
0.757392
1.19283
1.06561
1.08927
1.36007
1.24399
1.12765
1.05308
1.27607
1.15125
1.31967
1.14732
1.19222
0.817943
1.05804
1.32215
1.1564
1.20404
1.20521
1.25711
1.49006
1.12919
1.52674
0.995275
1.37185
0.355539
0.884621
0.954777
1.39769
1.16021
0.944116
1.30447
1.22365
0.962532
0.948134
1.6346
1.01176
1.34844
0.959975
1.49269
1.22026
1.16273
1.01907
1.07156
1.17808
0.487609
1.34661
1.42817
1.1572
1.07241
0.990199
0.851726
0.919187
1.25604
1.07898
1.06145
1.08523
1.16673
0.610992
1.48337
1.1802
1.25694
0.668763
1.00358
1.22403
1.16984
1.34353
1.15049
0.85777
1.25362
0.934344
1.32504
1.50634
0.976091
1.40176
1.06766
0.634115
1.42049
1.27751
1.39808
0.906644
1.45655
1.35627
1.51066
1.64186
1.40471
1.62878
1.61068
1.59994
1.34907
1.2938
1.39278
1.35862
1.28881
1.43934
1.55642
1.16795
1.53162
1.53071
1.91277
1.36615
1.78549
1.11668
1.33936
1.42259
1.45646
1.56531
1.27493
1.27779
1.67532
1.48294
1.35465
1.55873
1.54704
0.95174
1.09949
1.50661
1.39985
1.36726
1.54442
1.18861
1.53986
0.990321
1.15883
1.33379
1.41857
0.846397
1.31131
1.17581
1.36614
1.15632
1.56795
1.00008
1.34945
1.52617
1.19545
1.22665
1.00798
0.965681
1.16149
1.12749
1.30217
0.998809
1.1275
1.41734
1.06988
0.904814
0.608591
1.30027
0.808118
1.09539
1.13194
1.25711
0.846979
1.16438
1.22712
1.23361
0.880718
1.20145
1.21917
0.877871
0.898869
0.997935
1.19064
1.15415
0.957207
1.42657
1.11476
1.2006
1.32254
1.1658
1.32167
1.12973
0.802363
1.03099
1.35066
1.16578
1.3511
1.12588
1.15595
1.14938
1.24272
1.61622
1.19579
1.32651
0.90458
1.18
0.998296
1.03357
1.13212
1.13492
0.930676
1.43591
0.952452
1.24631
1.14359
1.24215
0.820191
0.738449
1.17999
1.12663
1.10222
1.29851
1.03175
1.36303
1.18534
1.29859
1.50351
1.04132
1.05806
1.48276
1.04149
1.43686
0.979211
0.739646
1.10232
1.0902
1.20175
1.24183
1.30975
1.24148
1.55001
0.784007
1.38235
0.946197
1.36105
1.1814
0.79617
1.04012
0.752782
0.895339
1.05883
1.20659
1.05263
1.24661
1.30608
0.895206
1.04827
1.14224
0.690303
1.17482
0.784084
0.957171
1.28871
1.3295
1.24456
1.55764
1.32839
1.56214
1.34279
1.5577
1.29813
1.12077
1.02649
1.60651
0.976908
1.68587
1.12468
1.42831
1.62133
1.43472
1.53737
1.3357
1.30649
1.24454
1.76621
1.25159
1.48565
1.18784
1.18142
1.53098
1.50858
0.992923
1.3508
1.29408
1.2657
0.721505
1.03295
0.857845
1.43037
1.54031
1.53551
1.27619
1.57872
1.48813
1.23504
1.35018
1.16248
1.21195
1.5325
1.50875
1.18362
1.5468
1.04572
1.15774
1.16109
1.31753
1.43298
1.42257
1.28626
1.10025
1.1075
1.48276
1.40901
1.47112
1.31197
1.20478
1.49655
1.47327
1.71551
1.20971
1.39674
1.15508
1.18351
1.16828
1.53946
1.19805
1.05649
1.597
1.23256
1.34961
0.781524
1.58858
1.19364
1.12404
1.2421
1.35338
1.19865
1.51676
1.62041
1.5581
1.13451
1.12355
1.37656
1.29009
1.17351
1.67311
0.846983
1.24168
1.50072
1.12159
1.27054
0.789323
1.40107
1.5089
1.25618
1.69197
1.02675
1.37949
0.90984
1.46962
1.35315
1.25778
1.51156
1.29654
1.25874
1.28422
1.22138
1.28344
1.34604
1.17517
0.942967
1.47836
1.42186
0.951797
1.27813
1.04179
1.0254
1.32471
1.53755
1.10036
1.45011
1.40343
1.60452
0.826126
1.01679
1.4628
1.24035
1.13969
0.952404
1.32103
1.04543
1.03948
1.3107
1.13923
1.52826
1.25843
1.35328
1.55684
1.00746
1.19141
1.32546
1.11303
1.26568
1.37559
1.06342
1.13352
1.19657
0.997547
1.41219
0.941879
1.35755
0.879922
1.5815
1.19198
1.26771
1.32061
0.995483
1.09855
1.06957
1.39165
0.864211
1.00249
1.13006
1.23307
1.39176
0.786043
1.25312
1.23375
1.39989
0.691798
0.857847
1.19085
1.45768
1.18564
0.989513
0.850903
1.12487
0.912287
1.14627
1.1861
1.04247
1.40704
1.32283
1.2936
1.26968
1.05363
1.31518
1.40292
1.30876
0.953926
1.5868
1.14727
0.956072
1.24051
1.3425
1.50471
1.23887
1.16887
1.71936
1.08471
1.57475
1.12649
1.43743
0.831018
1.14603
1.23695
1.61072
1.25291
1.20495
1.50163
1.40004
1.18761
1.20928
1.31084
1.39311
1.24894
1.09125
0.956807
0.828229
1.00527
1.40381
0.705534
1.31152
1.18552
1.36833
0.771483
1.2457
1.20411
1.19572
0.722194
1.16238
1.43179
1.08371
1.40261
1.11503
0.957739
1.30918
0.980288
1.37823
1.63417
1.21446
1.23817
1.20889
0.550914
1.44478
1.28798
1.25738
1.47049
0.923802
1.24704
1.23818
1.47878
1.52037
1.46759
1.30204
1.78007
1.23977
1.43257
1.0726
1.49456
1.46282
1.46616
1.45587
1.72286
1.28016
1.75795
0.964777
1.47386
1.02592
1.22438
0.858757
1.55985
1.32979
1.50359
1.48455
1.54924
1.28225
1.74456
1.2738
1.3574
1.30832
1.37163
1.43609
1.2683
1.20908
1.60036
1.28646
1.25094
1.38894
1.05835
1.13525
0.454096
1.15993
1.31233
1.10582
0.930597
1.25102
0.986001
1.40337
0.968873
1.15552
0.882374
0.854047
1.21607
0.915544
0.898926
1.27063
0.820256
1.38204
1.38503
1.23105
1.30689
1.13327
1.47886
1.44049
1.47709
1.30278
1.39515
0.962751
1.38291
1.38653
1.23352
1.17709
0.362773
1.16027
1.25148
1.53099
0.981582
1.46462
1.41063
1.22567
1.08122
1.15547
0.724948
1.29176
1.21419
1.31823
1.46059
1.31959
1.18243
1.03455
1.61642
1.27222
1.36361
1.32238
1.35747
1.39892
1.30259
1.3198
1.17091
1.37891
1.34645
1.30954
1.48056
0.998895
1.50077
1.37111
1.30705
1.26804
0.894152
1.118
1.63061
1.19653
1.47537
1.07177
1.2167
1.33627
1.59741
1.33666
0.945836
1.10763
1.14253
1.19085
1.22696
1.33001
1.07515
1.1563
1.51967
1.24029
1.17859
1.30087
1.13926
1.30667
1.30932
1.22036
0.702758
1.33969
0.820405
0.953968
1.37512
0.95487
1.35692
1.37958
0.890223
1.3023
1.38301
1.42392
1.3875
1.14871
1.33512
1.39282
1.0986
0.990807
1.26097
0.944094
1.27336
0.948117
1.17734
1.50988
0.970658
1.40864
1.1975
1.2851
1.08728
1.2512
1.32173
1.61039
1.30924
1.04834
1.13601
1.06366
1.10716
1.1029
1.30227
1.22444
1.12163
1.45613
1.15629
1.02027
1.51926
1.50247
1.38727
0.840428
1.16269
1.24706
1.52272
1.71836
0.996562
0.988609
1.36666
1.21444
1.2171
1.23887
1.13539
1.51772
1.45594
0.987334
1.60249
1.34634
1.44882
0.956332
1.29597
0.974251
1.44845
1.61577
0.964249
1.3341
1.13818
1.45548
0.977625
1.14313
1.49973
1.57662
1.02947
1.18335
0.961406
1.10376
1.05495
1.29116
1.36433
1.00602
1.09496
1.15157
1.08113
1.55458
1.38617
1.59385
1.16797
1.02106
1.18307
1.03589
0.840682
1.42392
1.53604
0.900787
1.42028
1.25145
1.16591
1.38401
1.15195
1.47868
1.57333
1.53688
1.01964
1.26645
0.744442
1.38409
1.3107
1.62865
0.988071
1.17167
1.66355
1.35165
1.68108
1.14263
1.34348
1.39782
1.33158
1.63247
1.46566
1.06136
1.17612
1.13957
1.28572
1.42093
1.23064
1.68274
1.37624
1.30261
1.39561
1.39103
1.48716
1.03801
1.77296
1.27461
1.07523
1.24341
1.19023
1.19139
1.2733
1.33659
1.46613
1.38245
1.31329
0.762886
1.43252
1.53414
1.04535
1.25665
1.04703
0.930633
1.46012
1.20012
1.29867
1.60622
1.06932
1.38094
1.07994
1.32608
1.28321
1.36695
1.71772
1.11144
1.29734
0.748328
1.25485
0.964562
1.1177
1.25187
1.30902
1.22076
1.32286
1.08561
1.05864
1.4274
1.36071
1.22685
0.900051
0.747557
1.31945
1.15934
1.22243
1.08031
1.14024
1.184
0.983511
1.35609
1.53399
0.798947
1.25858
1.22696
0.936534
1.35932
1.20827
1.52208
1.09908
1.36804
1.48222
1.57405
1.03592
1.33013
1.13606
1.35718
1.36528
1.41471
1.09386
1.46613
1.43804
1.06714
1.47785
1.40029
1.04608
1.61682
1.14088
0.901908
1.28232
1.3214
0.750721
1.58651
1.39416
1.43662
1.05581
1.14308
1.32858
1.25381
1.4798
1.00166
0.724969
1.06757
1.153
0.912445
1.00876
1.25716
0.994053
0.917405
1.01979
1.08013
1.26324
1.16207
1.13524
1.1046
1.01587
1.16629
0.869368
0.813345
1.02684
0.915754
1.33885
1.08664
1.10628
0.981662
1.35882
1.08735
0.934772
1.1878
1.13236
1.32145
1.16946
1.22107
1.16335
0.89646
0.632163
1.26515
1.09939
1.22396
1.16045
1.47881
1.01414
1.46397
1.29053
1.13598
1.19507
1.26727
0.69193
1.28965
1.1249
1.26097
1.44028
1.2471
1.30787
1.10121
1.45765
0.969548
1.50402
1.22376
1.11774
0.75302
0.928303
1.45598
0.854933
1.12063
1.18473
1.42918
1.14921
1.3035
1.30558
1.08024
1.00117
1.23724
1.29428
1.29066
0.864005
0.77757
1.05774
0.929661
1.16463
1.68442
1.13382
1.58173
1.37138
1.51857
1.50474
1.19208
1.37238
1.16402
1.27245
1.00091
1.65652
1.45581
0.962069
1.23721
0.871425
1.21999
1.07966
1.18074
1.34389
1.30603
1.3069
1.42135
1.48391
1.10786
1.25909
1.34233
1.15832
1.53428
1.22235
0.769727
1.28057
1.48652
1.02192
0.968625
1.30031
1.25243
0.993692
1.20445
1.33434
0.919344
1.06379
1.05062
1.3982
0.940269
1.23177
1.03204
0.853341
1.29015
1.20045
0.919216
0.934189
1.23148
1.20264
1.36801
0.996813
1.39506
1.18039
1.3487
1.0107
1.42139
1.13003
1.40491
1.42034
1.11967
1.21062
1.26851
1.42319
1.20592
1.19452
0.891481
0.815324
0.99781
1.07434
1.294
1.36751
1.14422
1.22927
