8.95229
8.86902
9.17017
9.09761
8.83189
9.12275
8.9202
9.1341
9.07081
8.82151
8.97158
9.22343
9.29363
8.86777
8.75684
8.78913
9.47906
9.31916
8.85951
8.65072
8.82344
8.81346
9.00894
9.11637
8.60946
9.40378
9.0622
9.3861
9.34863
9.15936
9.05146
8.72507
8.845
9.2243
9.08485
8.69331
8.98856
9.03929
8.91937
8.91089
9.08963
8.93199
9.08232
9.45975
9.25152
8.75586
9.18272
9.66466
9.27702
9.40381
9.07705
8.87391
9.30183
8.87588
8.78762
9.10056
9.14239
9.19296
8.78859
9.16452
9.0033
8.96425
9.0503
8.95912
8.61867
8.96627
9.30828
9.27186
9.24123
9.15234
9.29776
8.95838
8.79
9.13998
9.10937
9.21351
9.38547
9.16055
8.89192
9.35671
9.06484
9.01686
8.6752
9.42705
8.96385
9.26924
8.94857
8.90569
8.69145
8.99435
9.2336
8.80461
9.16412
8.98749
9.0796
8.87419
9.32474
9.09087
8.79026
8.93517
9.21877
9.23774
8.59902
9.05185
9.06717
9.1345
8.92369
9.02518
9.13042
8.79826
9.33557
8.91237
9.29425
9.25438
8.85097
8.80039
9.10698
9.28105
9.07027
8.99913
8.95462
8.6912
8.99263
8.68588
8.92254
8.99067
9.17376
8.68467
8.60308
9.21544
8.7464
8.60428
9.03266
9.14177
8.98414
9.20845
8.97495
9.08714
9.042
8.93422
9.12587
9.07211
8.88254
8.93199
8.82517
8.77903
8.9179
8.92868
8.70247
8.88391
9.34582
8.6487
8.72651
8.74071
9.40065
8.89641
8.99351
9.16512
8.88034
9.32163
8.83804
8.93926
8.95383
9.19151
8.95701
8.79777
8.96207
9.26152
8.77826
8.47981
9.2986
8.8426
8.9587
8.61048
8.72158
8.75451
8.99006
9.27106
8.79522
8.65828
9.0339
8.68907
8.9716
9.04556
8.80549
8.98992
9.00617
8.98066
8.78336
8.97878
8.53346
9.09305
8.98198
8.93369
8.89935
8.80311
8.8912
9.38719
9.49142
9.17613
8.94211
8.62951
9.15806
9.33126
9.16978
8.96462
9.40743
9.41268
9.13202
8.84854
9.37293
9.51676
9.14886
9.22331
9.34858
9.48105
9.4253
8.9892
9.20724
8.9504
9.46773
9.50169
9.04181
9.19238
8.9213
9.19963
9.20655
8.92473
9.4191
9.28258
9.47453
9.22248
9.18467
9.56634
9.56494
8.4628
9.36543
9.26024
9.12095
9.20919
9.35686
9.17549
9.00995
9.53911
9.39087
9.6882
9.1825
9.12236
9.39308
9.03097
9.22578
8.97603
9.05769
9.29444
9.40425
9.16286
9.44383
9.1334
9.41657
9.55124
9.22079
9.2091
9.09515
9.1528
9.41821
9.06982
8.84345
9.30537
9.35934
9.22956
9.45497
9.69331
9.14846
8.93521
9.34149
9.27961
9.28576
8.52269
9.02399
9.54361
9.37118
9.0083
9.2594
8.93887
9.08091
9.30241
8.88064
9.3318
9.34595
9.40421
9.27428
9.45254
9.13887
8.95461
9.23561
9.12614
9.23241
9.30884
9.30363
9.4282
9.4471
8.84749
9.04277
9.3621
8.88701
9.15089
9.2372
8.96942
9.3851
9.28167
9.0401
9.3488
9.02266
9.57158
9.09139
9.5659
9.15192
9.51026
9.36765
9.46819
9.09247
9.04748
8.88039
8.94161
9.52956
9.06851
8.98182
9.04956
9.31193
9.2687
8.93044
8.99463
9.32525
9.36819
9.46158
9.26224
9.21923
9.2849
9.36265
9.03934
9.45846
9.06882
9.19254
9.68298
9.13981
9.57653
9.33771
9.38706
8.9322
9.31229
9.28164
9.52489
9.17318
9.30687
8.94067
8.98991
9.44161
9.07879
9.28419
9.34709
9.58053
9.03498
9.30278
9.76311
9.5901
9.23294
9.4774
9.085
9.11809
8.84626
9.27527
9.44171
9.1942
8.98091
9.09882
9.38441
9.20616
9.09878
9.15875
8.97175
8.72093
9.00467
8.95666
9.31246
9.13705
9.05612
9.38083
9.7196
9.24908
9.36871
9.15009
8.96666
8.74565
9.39432
9.11649
9.40731
9.18459
9.1114
9.21531
9.38848
9.4056
9.1306
9.41254
9.25263
9.38602
9.39354
9.31339
9.54631
9.39486
9.20667
9.13908
9.4097
9.13791
9.40702
9.6139
9.54755
9.34759
9.11138
9.34211
9.20853
8.93798
8.88106
8.87491
8.97071
9.17546
8.67337
9.50039
9.15818
9.26832
9.15046
9.01585
8.97931
9.51881
9.61046
9.76825
9.25352
9.12778
9.5418
9.30764
9.22068
8.89115
8.95282
9.41177
9.26708
8.95789
9.2898
9.25912
9.3169
9.05285
9.27569
9.46921
9.08671
9.47783
9.10109
8.85347
9.39373
9.27724
9.21147
9.43773
9.5987
8.85328
9.60862
9.17971
9.1462
9.09546
9.15607
9.37648
9.24808
8.98901
9.02571
8.99929
9.28332
9.21496
9.49494
9.27488
9.63115
9.06115
9.06918
9.42839
9.42747
9.06584
9.25873
9.18142
9.55427
9.34319
9.10254
9.14669
9.01453
9.23267
8.96774
9.0225
8.97724
9.40866
8.97773
9.3156
9.22316
9.13163
8.90279
8.96772
8.91211
9.18472
8.7246
8.99173
9.28719
9.1506
8.71344
9.10695
8.99771
9.83828
9.00337
9.15412
9.05962
9.46993
9.27193
8.92469
9.23874
8.93629
9.24747
8.98325
9.05114
8.42349
8.86998
8.90963
9.44542
9.12668
8.81132
9.27297
9.20351
9.20753
9.29045
9.0789
9.38842
9.41777
9.06542
8.96091
9.42419
9.08191
9.18171
9.12504
9.11509
9.37688
9.093
9.02261
8.99132
9.13082
9.24904
8.83904
8.96919
9.15094
9.19999
9.00029
8.96036
9.06943
9.21438
9.45878
9.22942
9.27391
9.18041
9.27691
8.85113
9.22104
9.13243
8.90909
9.20356
9.25194
9.26605
9.29302
8.98319
9.14422
9.05311
8.90104
8.79092
9.2179
9.45698
9.29861
9.0352
8.82651
9.1271
8.98202
9.04873
9.03034
8.98871
8.91185
9.17244
9.31812
9.3234
9.40811
9.21305
9.60908
9.3403
9.20582
9.35477
8.98962
9.35227
9.15366
9.09924
9.03159
8.60829
9.12118
9.43295
9.11985
9.20826
9.33677
8.84224
9.12293
8.89276
9.09935
9.15805
8.82789
8.99917
8.90098
9.28804
9.23315
9.01782
9.23334
8.9921
8.97605
9.33573
9.38199
9.07279
9.09169
9.4962
9.19878
9.20506
9.11824
9.36128
9.11319
9.23234
9.18967
9.02647
9.07956
9.2696
8.9064
9.2807
9.15893
9.34081
8.98336
9.54836
9.19417
9.70791
9.31526
9.30237
9.11658
8.94388
9.03885
9.12197
9.09507
9.13597
9.54839
9.51576
9.35325
9.29409
8.91377
9.1415
8.83546
8.93472
9.52044
9.20349
9.18231
9.29371
9.40198
9.3203
9.0314
9.52159
9.02587
8.95584
9.0287
9.29647
8.99348
9.44483
9.17208
9.18867
8.90742
9.05721
9.19544
9.11114
9.21575
9.24416
9.12828
8.87903
8.76346
9.64412
9.33108
8.78586
9.35225
9.29581
9.36273
9.39664
8.73752
8.94791
9.00827
9.05281
9.12946
9.46724
9.29152
9.12122
9.11536
8.93667
9.26698
9.18411
8.76128
9.05774
9.11356
8.87653
9.17564
9.05123
9.11107
9.13442
9.11591
9.08323
9.09406
8.78269
8.89727
9.53642
8.67804
8.96502
8.98942
8.83973
8.82839
8.49474
8.76112
9.48567
9.00032
8.83936
9.38207
9.43017
9.03471
9.19219
9.10719
9.1408
9.54544
8.85692
9.06872
8.7019
9.45904
9.28105
9.09626
8.84459
9.09181
9.249
9.13341
8.97066
8.9856
9.04536
9.3557
8.97919
8.83213
8.76385
8.70371
8.7874
8.58342
9.15715
9.19041
8.81588
9.38355
9.41293
8.86474
8.794
8.8986
9.18512
9.2829
9.27276
9.15421
9.30844
9.07322
9.06133
9.26592
8.97885
9.19384
9.1811
8.96514
9.01138
8.95531
8.79049
9.2275
9.34375
9.01518
8.63695
9.44458
8.93619
8.48368
9.1619
9.14871
8.8269
9.05221
9.20044
9.15094
9.09051
8.812
9.29362
8.73932
8.98892
8.94265
8.57777
9.09216
8.96007
8.86286
9.02395
9.08025
9.15635
9.21931
9.32118
8.71899
9.23959
9.11847
8.68754
9.04821
9.06402
9.11289
9.26415
9.03
9.1785
9.12919
8.93644
9.35491
9.28654
8.92237
9.10924
9.43507
9.05268
8.63721
9.31895
9.10878
8.87498
8.89275
8.97436
9.00005
9.07627
9.02242
8.88115
8.9482
9.17254
9.06452
9.22029
9.09518
9.16395
9.42149
8.95377
8.8862
8.88907
8.84942
9.05018
9.26683
9.1392
9.00648
8.76371
9.37467
9.27638
9.00172
9.03244
8.79906
9.31627
9.22889
8.93344
9.27316
8.87107
9.05249
9.36371
9.30406
9.37358
9.43035
9.26887
9.38349
9.13081
9.04252
8.8305
9.08086
9.28105
8.97304
8.96525
9.20403
9.53577
8.98171
8.89345
9.27944
8.99712
9.0267
9.53345
9.48992
9.22086
9.27318
8.84539
8.78239
8.83768
9.36683
8.967
8.98816
9.8478
9.42412
9.23042
9.42815
9.15978
9.13951
9.07887
9.63536
9.0748
9.01917
9.19931
9.15286
9.29713
9.08391
8.93291
9.24215
9.11195
9.10586
9.01992
8.87168
9.00306
9.23909
9.13722
9.43704
9.259
9.26623
9.51842
8.97867
9.05124
8.8833
9.16694
9.1016
9.17164
9.26803
9.50669
8.76415
9.05411
9.07138
9.51781
9.04101
9.08557
8.9883
9.51458
9.08462
9.14066
9.25136
9.21915
9.32137
9.10965
9.25311
8.97967
8.51348
9.174
9.04418
9.44058
9.55011
9.08469
9.09165
9.09083
9.36817
9.31722
8.88229
9.26823
9.06237
9.31496
8.93908
9.19568
8.98488
9.29593
8.80038
9.11054
8.88936
8.92534
8.87578
9.2594
9.35386
9.2418
8.93753
9.00645
8.95811
8.60321
8.96407
9.58629
9.31577
8.80432
8.86087
9.46695
9.15259
8.88793
8.90927
8.88949
9.05526
9.02617
9.29742
9.37164
9.37306
9.4388
9.14072
9.03155
9.46148
9.71866
8.86222
8.88286
9.17415
9.16334
9.44624
9.12013
8.90513
9.28109
9.14158
9.25757
9.04709
9.73975
9.21655
9.04792
9.36126
8.92864
8.96022
8.98191
9.24369
8.89545
8.85869
9.23544
9.04617
8.88643
9.21558
9.2776
9.16019
9.33165
9.09296
8.45686
9.14909
9.08302
9.12879
9.09973
8.95654
9.60886
8.90113
9.36195
9.05303
9.06344
9.00787
8.76266
9.17371
9.4173
9.26144
8.86751
9.01836
9.38499
9.42246
9.23815
9.23315
8.95741
9.49916
8.88666
8.91405
9.07807
8.63293
8.94658
8.95151
9.00036
9.24727
9.10045
9.22297
9.17376
9.13423
9.01381
9.15608
8.99042
9.44946
9.06196
8.70741
9.1826
9.277
8.96482
9.0473
9.18716
9.1599
9.18925
9.4009
9.22845
9.07061
9.1013
9.0219
9.38181
8.94566
8.84428
9.07517
9.13685
9.04102
9.0378
9.30603
9.37877
9.3035
9.40886
8.78225
9.15229
9.53433
9.14388
9.25218
9.32097
9.08723
8.85875
8.63032
9.25278
9.25294
9.07142
8.84472
8.95386
9.1438
9.25528
9.33215
9.38179
8.90532
9.08081
8.88436
8.99347
9.537
8.80585
9.39031
9.33826
9.01157
9.38621
9.02416
9.53956
9.45854
9.41799
9.06035
9.16594
9.28388
8.93576
9.31357
9.3158
9.0386
9.05841
9.30519
9.25282
8.76166
8.84185
9.36688
9.62273
9.25482
8.90539
9.23575
8.88995
9.22281
8.67077
9.35345
9.01788
9.05569
9.39858
9.56772
8.83001
9.43354
8.9397
9.27037
9.2633
9.3564
9.00227
9.12218
9.1711
9.06361
9.30081
9.17956
9.10021
9.06995
9.25061
9.29192
9.0589
9.24598
9.02993
8.94388
9.09595
9.09197
9.14002
9.13617
9.04234
9.33226
9.13824
9.85536
9.21576
9.30646
9.30209
9.2611
9.20229
9.31249
8.97411
8.81322
9.3169
9.04579
9.24497
9.17336
8.99289
8.72165
9.21561
9.21591
9.42662
9.49498
9.14297
9.19027
9.3412
9.18217
9.09686
8.55525
9.29874
8.95879
9.11272
9.41066
9.1051
9.24914
9.44266
9.15601
8.97672
8.842
9.17497
8.99209
9.40781
9.31811
9.05127
9.03321
9.11748
8.71794
9.24416
9.27327
9.19438
9.22238
9.15522
9.04269
9.04464
9.21656
9.11949
9.36508
9.14026
8.61577
9.52215
9.20633
9.11384
9.45578
9.31047
9.03078
9.63472
8.75549
9.22792
9.30309
8.95768
9.25812
8.89117
9.182
9.21239
9.61033
9.05371
9.62324
9.03202
9.23892
9.15356
9.49477
9.09271
9.14756
9.35975
9.2038
9.16458
9.5081
9.5317
9.28358
9.34661
8.96143
9.32903
9.23096
9.56728
9.29414
9.1832
9.4822
9.20266
9.31184
8.95055
8.97979
9.09096
9.28441
9.33572
9.31975
9.2132
9.52559
9.63504
9.15006
9.21968
9.04576
8.74107
9.06789
9.02975
8.9993
9.16863
8.95302
9.33918
9.20708
9.38895
9.61456
9.22921
9.33799
9.08075
9.15454
9.25814
9.2794
9.02748
9.24981
9.49496
9.53249
9.62645
8.94004
9.25673
9.27028
9.39102
9.08326
9.08972
8.98736
8.8578
9.0014
9.42781
9.02912
9.19634
8.92464
9.03732
9.46839
9.70687
9.13284
9.02511
9.2883
8.86548
8.93438
9.14856
9.3747
8.79755
9.21366
9.37808
9.03127
9.08157
8.95928
8.97004
9.49609
9.31592
9.4217
9.08701
9.47784
9.14161
9.19524
8.90122
9.37058
9.39269
9.1963
9.44364
8.86472
9.39389
9.3288
9.19844
9.47394
9.43643
9.61105
8.97127
9.01966
8.85462
9.24856
9.28144
9.04471
9.13355
9.06403
9.05278
9.16082
9.32314
9.24657
9.64234
9.20169
9.52811
9.24281
9.07576
9.21471
8.9792
9.00286
8.93281
9.0361
9.35832
9.12983
8.86657
9.32983
9.41593
9.0442
9.13122
9.39646
9.19033
9.38842
9.15787
8.94823
9.29774
9.03403
9.15589
8.53315
9.38269
9.0426
8.76066
8.92214
9.26156
9.12443
9.18786
8.84996
9.06782
9.22413
8.91893
9.14971
9.58545
8.87127
9.27322
8.93616
9.06713
8.84076
9.03138
8.67617
9.33117
8.91292
8.99129
9.23329
9.20105
9.19847
8.81215
9.50168
8.98654
9.06905
8.98151
9.46117
9.31363
9.27771
9.10486
8.97001
9.48895
9.04902
9.1864
9.49881
9.58154
9.23458
9.18459
9.05076
9.30948
9.24488
9.57395
9.28183
8.98789
9.15105
9.15563
9.03326
9.52362
9.24797
9.17094
9.06869
9.40705
9.13122
9.0553
9.17681
9.27304
9.22713
8.90569
9.21434
8.76239
9.32756
9.02768
9.18868
9.2458
9.45299
9.61222
9.89771
9.3356
9.37719
9.27516
8.88579
9.16284
9.38177
9.0104
8.86408
9.395
9.1683
9.13492
9.61776
8.63306
8.86456
8.87223
8.97377
8.81675
9.01326
9.05057
9.02565
9.31135
8.57291
9.17657
9.02122
9.25512
9.05839
8.79512
9.24232
8.83324
8.8479
9.00734
9.12199
8.87268
9.37472
9.04073
9.28325
9.20397
8.97689
9.5766
9.19905
9.0562
9.21895
9.34398
9.17368
9.0632
8.88414
8.87146
9.27396
8.71492
9.01488
9.33977
9.24177
9.19385
9.23578
9.03579
8.90505
8.95309
9.14973
9.16266
9.39601
9.26704
9.11016
9.16217
9.01282
9.3362
9.16746
8.76256
8.86598
8.97943
8.90044
9.10402
8.96927
8.90884
9.19032
9.51864
9.07681
9.30071
8.79976
8.65821
8.59857
8.88108
9.14156
8.66724
8.96671
9.26504
8.87609
8.99448
8.91135
9.23354
9.30331
8.97525
9.26004
9.01645
9.16024
9.28725
9.52239
8.94069
9.22485
8.90666
9.02647
9.42927
9.1471
9.62266
9.02694
9.20562
9.41914
8.82934
9.33644
9.34443
9.23543
8.79125
9.28642
9.06328
9.22939
9.57022
9.04628
9.07838
8.97543
9.0321
9.3286
9.65829
9.22859
9.53663
9.45367
9.26153
9.14704
9.50033
9.46033
9.25416
9.78591
9.2615
9.09046
9.13628
9.47527
9.10266
9.50573
9.08897
9.57254
9.14105
9.881
9.52733
9.23512
9.11371
9.18925
9.10947
9.11311
8.87633
9.34594
9.28056
9.01259
9.64482
8.9823
9.20595
8.91245
9.36261
8.99369
9.5118
9.12442
9.07872
8.8695
8.91865
9.41316
9.02564
9.37911
9.3505
9.14298
9.39485
9.03022
9.23673
9.16657
9.58168
9.32474
9.49317
9.18354
9.21889
9.64376
9.07846
9.06996
9.46719
9.15931
9.03722
9.20712
8.94971
8.93499
8.81342
9.35678
9.27553
9.19227
8.74794
8.98852
9.14232
8.73316
9.00674
9.0402
9.01179
9.40887
9.08756
8.91548
9.32382
9.10608
9.43163
9.45898
9.3634
9.12086
9.41969
9.2238
9.20343
9.44358
8.92949
8.82303
9.47625
9.03525
9.16255
9.13921
9.34243
8.88127
9.67399
9.10851
9.39055
9.20026
8.88496
9.16584
9.1017
8.94379
8.95947
9.2919
9.24086
8.87385
8.94357
8.89479
9.11927
8.99685
8.73345
9.18579
9.54361
9.37097
9.03915
9.06585
9.32928
9.36904
9.09371
9.02619
8.62571
9.13749
9.15009
8.60944
8.88495
8.89991
9.1192
9.03246
9.08965
9.41757
8.77287
9.34858
9.21835
9.01523
9.12005
8.99157
9.23611
9.14609
9.39381
9.07619
8.9566
8.86433
8.79256
9.47502
9.38487
9.3632
9.08174
9.336
9.29725
9.18764
8.88128
8.77045
9.17631
9.03506
9.0871
8.81471
8.92012
9.10105
9.07588
9.51589
9.05067
8.88829
8.90232
9.08148
9.13333
9.01442
9.0835
9.11486
9.45372
8.8958
9.01884
9.22572
9.76561
8.98835
9.38409
9.24243
9.50447
9.23478
9.54533
9.32725
9.49143
9.36675
9.35579
9.55447
9.12014
8.78504
8.96157
9.18407
9.04055
9.04525
8.9515
8.88787
9.34261
8.92122
8.81085
8.95005
8.83089
9.21799
8.63096
9.47366
8.93463
9.05448
9.22387
8.8498
9.28954
9.23196
9.06566
9.21482
9.13026
9.16166
9.46107
9.58122
9.18944
8.94798
9.15522
8.81356
8.96821
9.01715
8.99954
9.08795
8.99844
9.10218
8.99619
9.01115
8.98868
9.26826
8.89984
9.05831
9.33678
8.90044
9.18826
9.03145
9.32211
8.70189
9.34937
9.25099
8.66319
9.08596
9.20401
9.26813
8.82036
9.18453
9.36966
8.75385
9.32982
8.9787
9.04445
9.1491
8.87198
8.8638
9.13139
9.25324
9.03103
9.10172
9.04769
8.99087
8.70155
9.13176
8.99073
8.83752
9.24994
9.09341
9.04901
9.29826
9.28767
9.08352
9.20557
9.02276
8.85624
9.10038
9.23384
9.33187
8.49279
9.0623
9.19634
8.90066
8.915
8.76795
9.14997
9.15197
9.02262
9.45769
9.15089
9.09222
9.04009
8.92871
8.9523
9.15355
9.05042
8.94536
8.99613
9.38996
9.46757
9.01416
9.2986
9.04276
9.22253
9.51198
9.16423
9.11828
9.21344
9.52921
9.2153
9.15161
9.14681
9.35349
9.35256
9.01702
9.39921
9.36186
9.33054
9.478
9.17031
9.70618
9.40632
9.19788
8.99507
9.12635
9.1162
9.02956
9.66083
9.45606
9.14735
9.55352
9.08738
9.20164
8.82413
9.36542
9.06982
9.25593
9.55898
9.21908
9.35572
9.17151
9.31366
9.25071
9.52838
9.59596
9.58058
9.13657
9.16858
9.57498
9.26792
9.34696
8.96852
9.35754
9.13159
9.52392
9.17153
9.35302
9.03989
9.2756
9.33413
9.06446
8.80662
9.17514
9.59047
9.27557
9.23626
9.26506
9.21837
9.17104
9.14079
9.21719
9.32743
9.03784
9.41864
9.23443
9.08124
9.42978
9.36979
9.53163
9.09548
9.04738
8.90755
8.91363
8.88801
9.14884
9.39545
9.26387
9.12154
9.52109
9.17309
9.09136
9.10259
9.0464
8.68645
9.06045
9.22075
8.9983
8.80397
8.8795
9.06678
9.33928
8.92068
8.9295
9.14217
9.21748
9.11607
9.01239
8.72881
8.88244
9.42443
9.16048
8.97678
9.39855
9.09525
9.29241
9.05846
9.2573
9.10269
9.30539
9.01112
9.23156
9.13936
9.01258
9.33193
8.6598
9.17474
9.04464
8.97141
8.94247
9.04491
9.46822
9.57958
8.87404
9.17376
8.71871
9.16781
9.07627
9.07063
8.87047
8.85893
9.10414
9.04596
9.11349
9.25238
8.78261
9.03822
8.89479
9.48087
8.92301
9.26235
9.17562
9.26841
9.22085
8.9556
9.14042
9.13653
9.12376
9.08074
9.37761
8.79663
9.36043
9.36999
9.23537
9.07068
9.10275
9.14007
9.07331
9.35543
9.58979
8.99992
9.02171
9.18925
9.34463
9.19382
9.14733
9.0953
9.37465
9.46001
9.22932
9.1796
9.37223
9.34638
9.37112
9.34054
9.20642
9.38166
9.15958
9.26816
9.33413
9.0093
9.0698
9.24362
9.27291
9.02892
9.20537
8.79952
9.52886
9.26516
9.14043
9.09111
9.22198
9.17598
9.26404
9.03201
9.11853
9.03439
9.64511
9.02566
9.01518
9.11554
8.94587
9.27701
9.25332
9.22825
9.34791
8.75553
9.1879
9.17702
9.11534
9.68954
9.28486
9.16678
9.29778
9.56447
9.33465
9.01122
9.02178
9.04598
9.38413
9.32744
9.59106
9.02071
8.83702
9.24231
8.94918
8.80901
8.90093
8.70741
8.60514
9.25123
8.62413
9.17775
9.30355
8.67125
8.7192
9.14181
9.30973
9.10994
9.17664
9.2665
8.62701
9.11742
9.12313
9.38829
8.95879
8.98609
9.13593
8.79513
8.94862
9.06748
9.01449
9.0322
9.3767
9.01949
9.15098
8.93259
9.21785
9.27202
9.19692
9.06874
9.34788
8.82797
9.04244
9.023
9.0133
9.21456
9.53694
9.14602
8.40359
8.9185
9.07497
9.23984
8.97419
9.13176
9.03297
8.96867
8.89229
9.43836
8.69937
9.24107
9.10656
8.96431
8.85486
9.068
8.94659
9.47677
9.29423
8.98612
9.18985
9.02523
8.74484
9.22148
9.06148
9.13125
9.58678
9.15248
9.07462
9.20117
9.06778
9.25569
9.2955
9.45064
8.75503
9.2679
9.03465
9.354
9.25797
8.68271
8.81771
9.09695
8.94668
8.99974
9.01355
9.25619
9.08026
9.11282
9.09
8.8881
9.32741
8.69741
8.78911
8.96586
8.93605
8.67861
9.07662
9.36524
9.10361
9.21741
9.11352
8.95817
9.05549
9.15737
9.19928
9.25771
9.16137
8.7832
9.20981
8.98852
9.25579
8.86377
9.1617
9.22859
9.35201
8.72021
8.71857
8.9835
9.26425
8.95428
9.13624
9.13161
9.14358
8.99525
9.09498
9.0836
8.99312
9.13725
8.63767
8.99745
8.98159
9.21443
9.12908
8.93728
9.38218
9.09507
8.65459
9.2412
8.82272
9.23327
9.57255
8.92768
8.92945
8.774
9.65649
9.42985
8.90523
9.02092
8.92704
8.92788
8.72679
9.00501
9.43331
9.0334
9.38401
9.26506
9.0977
9.13768
9.00352
9.31076
9.50406
8.68888
8.89963
9.13391
9.31889
9.27944
9.33249
9.39977
9.38338
9.084
8.91584
9.20527
9.21331
9.82014
9.28641
9.03687
8.96701
9.20344
9.2749
9.12992
9.39538
8.97619
9.02936
8.95684
8.89817
8.82366
9.40093
9.31798
8.98425
9.12081
9.86008
9.47161
9.21609
9.4101
9.29194
9.27375
9.03618
9.09885
8.74527
9.11536
9.32339
8.81728
9.07799
9.2648
9.16411
8.98864
9.34917
9.42313
9.56384
9.1313
9.35282
9.20623
9.09868
8.82145
9.26069
9.0663
9.25584
9.25258
8.8675
9.11114
9.05847
9.22774
9.03091
8.95811
8.79227
9.42146
8.99699
9.45807
8.86684
9.12763
8.8853
9.17674
9.28223
9.18141
8.61171
9.18897
9.01337
9.14204
9.07114
9.2294
9.25342
9.36703
8.97749
8.93343
8.95574
9.81723
8.79652
9.01609
9.52355
9.266
9.23885
9.36917
9.0561
9.1382
9.16825
9.32878
8.69376
8.92544
8.7756
9.07973
9.06906
9.25547
9.15149
9.06276
9.00187
9.11359
9.08748
8.97807
9.32027
9.31357
9.26344
8.88146
9.15979
9.03218
9.03865
9.27681
8.96184
9.20242
8.94922
8.95665
9.10999
8.87681
9.23249
9.06876
9.41746
9.44625
9.1624
9.06221
9.37566
9.24868
9.25077
9.26989
8.88639
8.8096
9.12222
9.35837
9.22489
9.19781
9.34694
9.25325
9.19655
8.92669
9.3129
9.01792
9.51045
9.72963
9.16874
9.01916
9.33984
9.10899
9.23543
9.58243
9.56296
9.38527
9.40852
9.30499
9.07436
9.01877
9.28202
9.25905
9.13594
9.34889
9.48287
8.62522
9.50483
9.17846
9.10341
9.17201
8.99354
9.04383
9.43189
9.37415
9.16473
9.12669
9.51049
9.23298
9.34356
8.79842
9.20968
8.90075
9.16574
9.13752
8.87158
9.29388
9.05228
8.76882
9.21068
9.55348
9.13221
8.84007
9.11194
9.16826
9.00845
9.22655
9.44727
9.48312
9.57143
9.43854
9.49283
9.2444
8.97774
9.40767
9.1292
9.26432
9.43797
9.49567
9.75742
9.29665
9.51291
9.35222
9.25412
9.59966
9.32608
9.52479
9.19547
9.36017
9.13609
9.54134
9.48388
9.57329
8.93996
9.35375
9.42818
9.40119
9.30437
9.40544
9.06402
8.81325
9.6001
9.40823
9.23008
9.5078
9.1476
9.4499
9.39865
9.13001
9.34966
9.4399
9.12854
9.23146
9.028
9.46955
8.97718
9.54796
9.21266
9.27851
9.41141
9.70622
9.06159
9.75335
9.28174
9.51674
9.08489
9.13412
9.24614
9.32093
9.41209
9.90037
9.25253
9.31951
9.44675
9.26148
9.6529
8.80241
9.13111
9.4447
9.70933
9.28761
9.46852
9.0676
9.29026
9.25244
8.93555
9.36148
8.94744
9.06568
8.9571
9.40003
9.05735
8.88292
9.5363
9.05112
9.3545
9.2417
8.75792
9.17673
9.09783
9.01569
9.46699
9.06099
9.22616
9.60136
9.18858
9.12292
9.21541
9.47924
8.90897
9.22109
8.84505
9.12838
9.26164
9.30888
9.25266
9.32283
9.32098
9.1753
9.24399
9.20924
8.78411
9.15074
9.26994
9.16888
9.24766
9.06324
9.0453
8.76838
8.78576
8.89002
9.37704
9.31236
9.66587
8.99346
9.06317
9.01359
9.30915
9.04373
9.41632
9.10485
9.44865
9.29359
8.7299
9.1258
9.08172
9.215
9.28902
9.30584
9.51535
8.78484
9.25262
8.91855
9.3955
9.05384
9.09146
9.45933
8.94598
9.06643
8.84988
8.76371
8.88038
9.15205
9.12557
8.87407
9.35829
8.80754
8.72527
9.57101
9.33799
8.61207
9.04328
9.37451
9.26263
8.7148
8.97245
8.92489
9.01895
9.24206
8.82984
8.96282
9.23247
9.28758
9.1024
9.17964
8.9286
8.86157
9.20364
9.10458
8.97024
9.09315
8.95042
9.25601
9.0766
9.17492
9.23442
9.32446
8.82052
8.79181
9.21631
9.02391
9.2302
8.91358
9.09088
8.8825
8.91776
9.11308
9.05948
8.88142
8.86815
9.21918
8.82449
9.28745
9.21715
8.93199
9.22009
9.60061
9.20997
9.08925
9.05196
8.95234
9.0315
9.01749
9.20237
9.08944
9.10446
9.25015
9.20701
9.04601
9.22778
9.24149
9.37981
9.20963
9.61845
9.04544
9.50781
9.41694
9.39558
9.30048
9.17344
8.94754
9.22566
9.08001
9.49757
9.03891
9.15867
8.90934
9.30993
9.03296
9.27022
8.8688
9.06535
9.21221
8.93541
8.87446
9.19905
9.214
9.11538
8.76058
9.2005
8.75655
9.31428
9.50244
9.27314
9.46612
9.0724
9.43194
9.34848
9.11681
8.79434
9.34125
8.82495
9.04123
9.0603
9.17647
8.45359
9.05391
9.24237
8.86024
8.98094
9.42676
8.97544
8.88845
9.57623
9.31653
9.10021
9.23794
8.98814
8.87255
8.81005
9.10433
9.31945
8.88138
8.86479
9.07882
9.4452
9.15369
9.03295
9.09373
8.95058
9.15055
9.31245
9.20393
8.89884
9.03435
9.1698
8.86902
9.12658
8.58342
9.28606
8.97876
9.33033
8.74681
8.9773
9.18605
9.18329
8.9569
8.93289
8.99885
8.61241
9.1636
9.19886
9.14256
9.06976
9.1608
9.35943
9.04825
9.05046
9.22102
9.45768
8.80612
8.86143
8.88932
8.87502
8.25812
8.87793
9.25865
8.87867
9.04605
9.55203
9.04868
8.99469
8.86424
9.68124
9.36972
9.21188
8.80925
9.26894
9.15656
9.27648
9.0088
9.10831
9.43002
8.83987
9.27084
9.16476
9.2455
9.36802
9.17092
9.24086
9.3557
9.47767
9.12116
9.58951
9.45434
9.44194
9.23233
9.32786
9.36394
9.09958
9.55569
8.55235
8.72075
9.13301
9.31172
9.21784
9.54251
9.42015
9.12512
9.26306
9.1829
9.40163
9.17315
8.9873
9.13283
9.27723
9.10835
8.88777
9.28771
9.40243
9.50665
9.31039
9.20527
9.14069
9.31433
9.25424
9.41099
9.56138
9.26368
8.93838
9.24225
9.21692
9.16052
8.98928
9.14033
9.35381
9.13444
9.27617
9.07154
9.10705
9.05257
9.3037
9.12938
9.1206
9.32452
9.16635
9.22824
9.02427
9.24942
9.29126
9.44204
9.04648
9.21664
9.12587
9.06292
9.56259
9.4935
9.2462
8.96813
8.83709
9.44789
9.41662
9.13698
9.37761
9.53557
9.21129
9.31977
9.31963
9.11314
9.38256
9.27229
9.29574
9.01553
9.03739
9.05517
8.98254
9.24574
9.59092
9.28973
9.26956
9.47325
9.36628
9.26619
9.2599
9.14612
9.44702
9.42777
9.42039
9.01159
8.90322
9.39477
9.41619
8.91376
8.73098
8.95208
9.29674
8.85648
8.59133
9.19659
9.10541
9.40972
9.36065
9.37353
9.16327
9.35888
9.21552
9.31005
9.30617
9.64719
9.22067
8.93977
8.86
9.16007
9.08319
8.63753
9.05851
9.21352
9.44501
9.67874
9.27431
8.79508
9.23072
9.00573
9.45003
8.97295
8.86163
8.65229
9.43517
8.6666
9.15768
9.16768
9.55432
9.18229
9.3741
8.92065
9.197
9.06386
9.2112
8.95275
9.17581
9.20892
9.53049
9.24206
9.30562
9.31653
8.93749
9.06222
9.03672
9.31534
9.4598
8.93751
9.05813
9.18559
8.69235
9.20282
9.01411
9.05563
8.89811
9.49907
9.14304
8.89931
9.14192
9.08643
9.131
9.2967
9.2848
8.89024
8.82234
8.944
9.21601
9.37141
9.19737
9.32051
9.20108
8.93811
9.03652
8.8463
8.96168
9.43226
9.14376
9.2848
9.18527
9.22965
9.06174
9.15574
8.87998
9.07781
9.30611
9.08077
9.10615
9.23802
8.96767
9.16845
9.16283
8.74419
9.36083
9.40572
9.5664
9.01464
9.45906
8.92849
9.4158
9.40548
9.0335
8.79671
8.86784
9.43746
8.90115
9.0203
9.10716
8.93523
9.08966
9.36603
9.41275
9.08626
8.90189
9.28001
8.94902
8.98417
8.7264
9.15494
8.98229
8.78806
9.28562
9.10317
8.95769
9.07163
9.2459
9.25416
8.9252
9.04681
9.04331
8.71053
9.37148
9.71425
9.11954
9.27343
9.072
9.01822
8.94122
9.23343
9.11834
9.63228
9.28177
9.13645
9.53284
9.22615
9.214
9.44894
9.74518
9.15685
9.19503
9.55616
9.72527
9.08118
8.96931
8.82126
9.28348
9.29021
9.23297
9.2092
9.4932
9.69684
9.27696
9.17372
9.26139
9.15827
9.33921
9.24401
9.33117
9.37854
9.20017
9.23301
9.45402
9.05179
9.30595
8.91297
8.94555
9.08055
9.19905
8.92049
9.17423
9.05042
9.20164
9.08604
9.23659
8.77875
8.85598
8.87427
8.75959
9.24473
9.20117
8.94432
9.13576
9.30962
9.23741
9.09426
9.29334
9.35354
9.19181
9.32146
9.31496
9.3895
9.13341
9.16372
9.42273
9.03454
9.02522
8.75258
9.3401
9.28748
9.6207
9.00455
9.22738
9.18765
8.95651
9.19687
9.54229
9.3072
8.92031
9.65362
9.29729
8.9213
9.38095
9.06215
9.13997
9.06101
9.57927
9.07386
9.52115
9.42717
9.0558
8.90449
9.31658
9.26624
8.84893
9.60285
9.42799
8.98672
9.21659
8.86764
9.25625
9.22421
9.05719
8.82479
9.27509
9.41566
9.39511
9.12242
8.6798
8.83564
9.33392
8.80273
9.30772
9.39934
9.15699
9.17354
9.17908
9.14658
9.59544
9.32759
9.20515
8.91848
9.55623
9.23753
9.14397
9.17319
9.32798
9.30049
9.32518
9.13477
9.27302
9.11692
9.25104
9.19112
9.22958
9.22979
9.2745
9.47726
9.18125
9.17303
9.2869
9.33077
9.25707
9.23841
9.1719
9.07924
8.91224
9.11225
9.40973
9.22739
9.13619
9.27546
9.33979
9.21716
8.75864
8.87765
9.28196
8.85906
9.10818
8.91534
8.73659
8.79252
8.83771
9.0679
9.20712
8.80577
9.20435
9.15343
8.87284
9.32847
8.99712
8.71132
9.09859
9.24817
9.04296
9.26912
8.8385
9.77658
8.97347
9.37129
9.1818
9.32954
9.40552
9.30194
9.1733
9.00813
9.52225
8.94836
9.25898
8.99597
9.42937
9.07371
9.22531
9.427
9.37297
9.60672
9.30001
8.99671
9.35152
8.86455
8.96528
9.42807
9.229
8.73783
8.93892
9.23597
9.46036
9.23511
9.23041
9.17762
9.51062
8.95359
9.23247
9.31868
8.67629
9.19731
8.6473
8.53801
9.2587
9.16834
9.22615
8.83976
8.9398
9.2157
9.07536
8.69012
8.90922
9.45466
9.24743
9.2777
8.79723
9.02262
8.7379
9.15168
9.12161
9.19838
9.09228
9.04118
9.42864
8.83488
9.20629
9.5254
9.31369
8.94159
9.18404
9.1888
9.3909
9.61607
9.37651
9.42143
9.13173
8.97815
9.39764
9.30367
9.1175
9.34862
8.98119
9.28551
9.04427
9.27231
9.23997
9.40615
8.87028
9.18054
9.06331
8.82923
9.35594
9.58538
9.03191
8.86924
9.13454
9.18431
9.0529
8.78572
9.1993
9.23035
8.90328
8.97783
9.14066
9.28818
8.90834
9.41853
9.13413
9.04966
9.36541
9.50472
9.3745
8.82678
9.25182
9.30446
9.21134
9.40054
9.36517
9.05698
9.27283
9.4354
9.1609
9.14165
8.95936
9.07621
9.0887
8.94251
9.15848
9.03921
9.23576
9.45285
9.39412
9.45314
9.36789
9.11894
9.4281
9.26958
9.43604
9.32126
9.22147
9.22628
8.73311
8.75649
9.09469
9.30974
9.79888
9.12795
9.26238
9.13975
9.2203
9.13873
8.99537
8.82302
9.30025
9.00475
9.40149
8.95534
9.03848
9.40866
9.56262
9.16808
9.44502
9.07705
8.86369
9.59132
9.44014
8.76524
9.3508
9.50313
9.43906
9.33448
9.12378
9.0811
9.52116
9.29894
9.57653
9.27369
9.61043
9.27839
9.17893
9.80288
9.34632
9.40187
9.35878
8.99469
9.20882
9.49649
9.0605
9.48814
9.56894
9.22685
9.4341
9.06858
9.08394
8.65608
9.34295
9.66398
9.2278
9.09261
9.2488
9.56791
9.11567
9.49729
8.80065
9.01019
8.90204
9.34135
9.43158
9.08777
9.33546
9.72592
9.00102
9.26489
9.21846
9.44977
9.06354
9.22344
9.53692
9.14012
9.15209
9.1723
9.24023
9.36235
9.44226
9.60664
9.24197
9.11693
9.24117
9.39227
9.38461
9.17931
9.0598
8.87674
9.36984
8.83115
9.17915
8.91912
9.826
9.31959
8.75444
9.17603
9.19746
9.77552
9.49375
9.08596
9.37192
8.95019
8.73413
8.89825
9.13625
8.95467
8.96838
9.02685
9.20239
9.40673
9.16247
9.01468
9.28081
9.23768
9.17346
9.39007
9.41158
9.40841
9.01055
9.5281
9.08457
9.09816
9.29354
9.19779
9.34257
9.19993
9.38994
9.18776
8.773
9.20563
9.20903
9.19394
9.20563
9.22576
9.08174
9.49872
9.55974
9.0429
9.17935
9.20506
8.98773
9.73244
9.41186
9.14475
9.04225
9.56441
9.3239
9.52296
9.67009
8.92963
8.99781
9.6206
9.26427
9.31401
8.99847
9.18389
9.4599
9.09437
9.39101
9.07208
8.82078
9.56833
9.41581
9.25874
9.1622
9.10043
8.87332
8.82273
9.51465
8.8207
8.78798
8.91511
9.08023
8.98557
9.09359
9.18749
8.88868
8.8444
9.21721
9.35948
8.62744
8.67085
9.08434
9.19931
9.27155
9.31065
9.09565
9.23558
8.78846
9.09574
9.29825
9.14429
9.45705
9.56691
9.08604
9.21291
9.40815
9.19777
8.96021
9.24438
9.32457
9.32967
8.94251
9.29625
9.46416
9.20988
8.86427
8.78776
8.90702
9.23331
9.54713
9.30386
9.17523
9.31543
9.39946
9.44304
9.20001
9.55277
8.94463
9.39457
9.12939
8.89963
9.32613
8.90423
9.32303
9.40362
8.99644
9.21529
9.44976
9.20262
9.11062
9.17217
9.33839
8.99927
9.01778
9.02234
9.14243
9.54522
9.22049
9.28622
9.1102
9.15185
8.96607
9.27492
9.71077
8.86158
9.11369
9.06485
9.13172
9.70513
9.16402
9.65892
9.31279
9.43761
9.29053
9.34871
9.35753
9.42426
8.92302
9.06963
9.6749
9.1409
9.12107
9.28084
9.36494
9.14799
9.78483
9.06904
9.33922
9.039
9.62147
9.14427
8.80853
9.06749
9.0573
8.98336
9.14446
9.17001
9.27671
9.29624
9.42878
9.24486
9.18323
8.99829
9.35792
9.52556
9.25317
9.38217
9.71659
9.21389
8.98118
9.51049
9.49265
9.25527
9.61314
9.16571
9.493
9.37437
9.45833
9.33547
9.47459
9.78904
9.68091
9.53707
9.35449
9.13739
9.13535
9.16611
9.0392
8.97739
9.45437
9.6374
9.25113
9.00826
9.25811
9.34436
9.39631
9.22811
8.97419
9.02117
9.68676
9.37173
9.09255
9.34774
9.01947
8.99634
9.27081
8.96543
9.01998
9.28846
9.02073
9.07385
9.12748
9.05995
8.96807
9.64953
9.46756
9.00887
9.39015
9.45202
8.95903
9.20226
9.18801
9.13583
9.33888
8.97243
9.11253
9.38793
9.30889
9.5784
9.57008
9.35773
9.17297
9.38448
9.3509
9.40692
9.34181
9.24169
9.31946
8.82483
9.56196
9.06891
8.99477
8.91117
9.50236
9.41142
8.88216
9.13023
9.41747
9.8012
9.4846
9.19341
9.2763
8.93036
9.03084
9.07084
9.35343
9.35213
9.19907
9.59003
9.6267
9.2341
9.04115
8.81113
9.20655
8.7357
9.43784
9.46245
9.5405
9.20022
8.66093
9.05281
9.10487
8.89094
9.25117
9.49877
9.2286
8.93615
9.42713
9.33986
9.30104
8.91295
9.25276
9.0151
9.33799
9.20489
9.22502
8.95059
8.76393
8.66838
9.16377
9.38521
9.33743
9.27753
9.01113
9.02345
9.17398
9.20662
9.07397
9.05819
9.43763
8.912
8.96346
9.16942
9.1626
9.22253
9.07189
9.33002
9.17513
9.06523
9.07762
9.16042
9.0522
8.6002
9.33132
9.18343
9.09881
9.13728
9.23475
9.0788
9.14143
9.0859
9.45035
9.43061
9.29244
9.04048
9.18123
9.36626
9.27212
9.18255
9.04174
8.99442
9.07006
8.89022
9.10559
8.98797
8.89617
8.80731
9.21467
9.51266
8.86406
9.25576
9.2731
9.23355
8.84614
9.26802
9.43118
9.05384
9.34524
9.79233
9.03656
9.14192
9.29598
8.9231
9.57185
8.95492
9.36442
9.04532
9.20157
8.94051
8.94134
9.07748
9.25672
9.41009
8.96594
9.30214
9.06712
9.012
9.3013
9.39524
8.99762
9.18358
9.44056
9.39148
9.68722
9.25519
9.4795
9.8568
9.0085
9.35771
8.88096
9.27661
9.17463
8.98588
9.22829
9.66942
9.04588
9.49745
9.40451
9.07841
9.0301
9.43859
9.43587
9.42204
9.06728
9.20298
9.11956
9.06266
9.42448
9.5198
9.03653
9.30012
9.25313
9.53376
9.17172
9.3289
9.23647
8.97626
9.03881
9.29999
9.4362
9.2144
8.70049
9.38467
9.43155
8.83719
9.12678
9.48431
9.20843
9.21932
9.08767
9.44713
9.21405
9.15461
9.0513
9.47208
8.88567
8.68536
9.34882
9.40214
9.34132
9.43064
8.76175
9.3205
9.26769
9.15816
9.06246
9.46739
9.08526
8.94147
8.73156
9.19395
8.89139
9.27045
9.05193
8.88565
9.13736
9.07565
9.09638
9.32206
9.00403
9.09146
9.09942
9.03925
9.65601
9.06264
8.96258
8.96121
9.10552
9.14676
9.19382
9.08046
9.06856
9.32853
9.33063
9.21484
9.39865
8.88972
9.16415
8.67307
9.16347
8.84693
9.2263
9.12985
9.21758
9.09543
9.33167
9.29635
8.84205
9.2604
9.41364
9.13924
9.1391
9.05526
9.08114
9.33936
9.0826
9.26784
8.98117
9.48978
9.51822
9.39988
8.83111
9.08908
9.17721
9.02841
8.94347
9.23988
8.91507
9.5929
9.64548
9.40801
9.51427
9.06784
9.12708
9.23801
9.3396
9.4155
9.12359
8.82146
8.99035
9.21806
8.93045
9.21853
9.15939
9.54119
9.24648
9.20538
8.95513
9.35095
9.27864
9.32219
9.069
9.60242
9.05844
8.8115
8.72831
9.34206
9.11757
9.11301
8.93928
9.27078
9.26004
9.03488
9.30883
9.21183
8.87917
9.5595
9.06531
9.22891
9.35419
9.43399
9.49263
9.14965
9.38196
9.42386
9.3667
9.22962
9.37251
9.21415
9.53771
9.27976
9.49472
9.36094
9.01461
9.25582
9.31819
9.25352
9.33515
9.48946
9.30246
9.23649
9.16082
9.49765
9.34207
9.33729
9.21739
9.11034
9.10217
9.33338
9.38379
9.15533
9.1956
9.14223
9.5105
9.21516
9.3756
9.14265
9.263
9.53399
9.19703
9.76222
9.45634
9.30048
9.13723
9.08893
9.34338
9.15867
9.21165
9.03694
9.00668
9.129
9.12864
9.33446
9.03735
9.16527
9.39765
8.85932
9.08248
8.85011
8.955
8.89047
9.55663
9.11782
8.65559
9.08948
9.29619
9.29808
9.25266
8.9366
9.06389
9.28398
9.2785
9.25209
9.17922
8.73949
9.30302
8.76111
8.9118
9.45575
9.01846
8.97128
9.44762
9.47921
9.12567
9.30763
9.57651
9.24718
9.50512
9.37368
9.37501
9.25948
9.36792
9.65436
9.32023
9.06701
9.34682
9.35039
9.37776
9.23221
9.57319
9.12433
9.37823
9.00548
8.81643
9.5461
9.27386
9.23753
9.49153
9.12063
8.70923
9.18511
8.97612
9.15543
9.17656
9.1025
9.00014
9.33843
9.12125
9.40403
9.06394
9.40604
8.90783
9.21162
9.588
9.36332
9.51447
9.29764
9.40524
8.98317
9.32032
9.35808
9.10325
9.09095
9.2944
9.29456
9.60382
9.29856
9.19714
9.18047
9.04299
9.23283
9.26919
9.20745
9.00137
9.45186
9.09563
8.98951
9.23722
9.42059
9.48449
9.24328
9.23393
9.19951
9.37678
8.93492
9.55878
9.20611
9.13899
9.71861
9.09006
9.36703
9.37298
9.43539
9.16288
9.49961
9.40706
9.14706
8.81381
9.07582
9.26922
9.01677
9.10802
9.20121
9.31698
9.20341
8.92309
9.13416
9.20391
9.47847
9.1637
8.89895
9.16378
9.58689
9.27396
9.07857
8.86171
9.16581
9.11995
8.97173
9.44938
9.46429
9.55672
9.46232
9.48178
9.10723
9.0499
9.31291
8.89131
9.53039
9.26336
9.35587
9.30415
9.17587
9.14754
9.58395
9.35069
9.13147
9.43715
9.24917
9.08716
9.03303
9.2462
9.13791
9.33987
9.18837
9.7256
8.87507
9.42283
9.12217
9.58059
8.89821
9.50951
9.10476
9.33319
9.15132
8.83585
9.21101
9.35695
8.94141
9.43178
9.10833
9.08615
8.86241
9.18857
8.97017
9.18308
9.47441
9.09438
9.42714
9.55703
9.59466
9.43484
9.43896
9.21809
8.92563
9.47347
9.00132
9.56958
9.21587
9.468
9.44619
9.25187
9.48664
9.30293
9.44162
9.08239
9.3348
9.59934
9.16245
9.1102
9.18539
9.13899
9.02316
9.39531
9.09257
9.21992
9.45923
8.77744
9.52767
9.32963
9.08658
9.22009
9.37532
9.28966
9.3029
8.96432
9.41484
9.03897
9.24314
9.05418
9.18625
9.00274
9.09873
9.41414
9.30808
9.04953
9.28101
9.56437
8.99277
9.19147
9.16124
9.33826
9.14297
8.87921
8.91064
9.05594
8.97673
9.61451
9.60371
9.31819
9.07184
9.11835
8.91192
8.93876
9.18279
8.87476
9.25718
9.50838
9.2159
9.26493
9.21499
9.22169
8.99868
9.07261
9.36253
9.27136
8.89642
9.15189
9.41466
9.57537
9.41312
8.94231
9.119
9.14515
9.41196
9.0894
9.15045
9.40485
9.16634
9.00327
9.40942
9.70213
9.56436
9.27655
9.30554
9.18155
9.57174
9.03766
9.01302
8.8634
9.44459
9.35201
9.07151
8.90768
9.10589
8.8139
9.33583
9.17617
9.50675
8.84719
8.97352
9.43428
8.90748
9.18678
9.33606
9.25697
9.18958
9.53697
9.17398
9.29913
8.73636
9.33426
8.69805
9.14295
9.06962
9.86557
9.4778
9.07572
9.0317
9.14148
9.12708
9.42893
9.05671
9.23814
9.12047
9.33057
9.22871
9.27077
9.12574
9.63247
9.14144
9.1891
9.48157
8.94285
9.41513
9.39579
9.35538
9.16831
9.26126
9.12502
8.60436
8.79897
9.19082
9.17243
9.19766
9.21734
9.14744
9.25076
9.0264
9.20251
9.11865
8.98587
8.59577
9.3291
8.98142
9.46402
9.62118
8.97535
8.98343
9.5798
9.34124
9.29692
8.59687
8.8152
9.50586
8.99089
9.12945
9.27758
9.05266
8.88214
9.06607
9.48499
9.39728
9.19222
9.29717
9.00662
9.20439
9.22999
9.37437
9.13545
9.12993
9.20653
9.14979
9.18766
9.09198
9.24542
9.32594
9.26753
9.51855
9.03837
9.07524
8.86608
9.14999
9.1901
9.2869
9.05541
9.63225
8.7642
9.33573
9.24788
9.58568
8.98994
8.9899
8.88565
9.22907
8.85055
8.87909
8.89464
9.0028
9.12272
9.49565
9.27866
8.83094
8.9424
9.31853
9.01923
9.14132
8.99664
9.66319
9.26546
8.80313
9.21224
9.27248
9.53721
9.16526
9.11463
9.38722
9.49783
9.12587
9.14443
8.8972
9.47174
9.07056
9.32541
9.22097
9.05892
9.37946
9.52817
9.21337
9.23882
9.43224
9.34929
9.2784
9.32857
9.34215
9.35873
9.13721
8.96379
9.31715
8.92332
9.28841
9.20346
9.09205
9.10434
9.47714
8.9976
8.66302
9.02494
9.15948
9.31839
8.81283
8.69374
9.10534
9.16751
9.01666
9.44495
9.16809
9.2715
8.95517
8.72004
8.93822
8.93746
9.23581
9.09366
9.16552
9.03793
8.97129
9.01487
9.35906
9.24866
9.1947
9.01989
9.24168
8.77642
9.35113
8.96658
9.14592
9.13926
9.10039
9.06442
9.02026
9.53115
8.85955
9.02207
9.41128
8.85083
9.02224
8.86322
9.58006
8.94836
9.11207
9.08919
8.88102
8.83624
9.70885
9.30716
9.03196
9.12806
8.84017
9.09275
9.61183
9.29766
9.2283
8.76549
9.66149
8.81548
8.79882
9.50384
9.34068
9.21597
9.38926
9.59154
9.25484
9.08597
9.22283
9.30828
9.42915
9.525
9.65556
9.25364
9.26993
9.61241
9.5361
8.75965
9.22005
9.50668
9.04257
9.14219
9.18028
9.19171
9.02485
9.58095
9.44254
8.8074
9.22592
8.98518
9.62264
8.87337
8.96564
9.72563
9.10082
9.50739
9.62974
9.29916
9.05693
9.46464
9.33504
9.28543
8.92548
9.21406
9.23825
9.35541
9.18864
9.20405
9.08809
8.78051
9.44857
9.50264
9.27791
9.25894
9.25588
9.1582
9.09938
9.27284
9.18634
9.19095
9.62319
9.42506
9.77532
9.16269
9.07372
9.12927
9.20605
9.24805
9.32905
8.79893
8.92591
9.10266
9.1875
9.69359
9.17822
9.4371
9.01491
9.21434
9.47625
9.22672
8.84165
9.26118
9.57803
9.22417
9.56867
9.4939
9.153
8.99913
9.73287
9.09704
9.41525
9.29163
8.87334
9.13293
9.09774
9.26281
9.2814
9.10452
9.62441
9.18165
9.01982
9.01855
9.08691
8.84679
9.39636
9.52778
9.50716
9.11204
9.17397
8.90955
9.09939
9.19909
8.81505
9.33867
8.9063
8.89947
9.12402
9.09707
9.38469
9.41398
8.80771
8.68095
8.90833
9.0748
9.19066
9.23937
9.26045
9.3944
9.08786
8.97984
9.14038
8.94212
8.55485
9.05033
8.94802
8.99878
8.92916
8.99925
9.21116
8.86997
9.1613
9.22445
8.78666
9.00384
9.09747
9.20919
9.25782
9.22817
9.09638
9.26766
9.07743
8.98744
9.50086
9.13387
9.05765
9.2595
8.9703
9.26933
9.27916
9.66163
9.59176
9.48682
9.22184
9.15526
9.46969
9.43826
9.08417
9.21807
9.2422
9.11709
9.12238
9.05263
8.89854
9.3061
9.03006
9.06207
9.26913
9.1761
8.86705
8.90099
9.16627
9.43714
9.53882
9.42536
8.8561
9.14927
9.08314
9.26582
9.12713
9.40321
9.13727
9.04726
9.33385
9.03009
9.46454
9.10032
8.91589
9.59337
9.56484
9.27998
9.59355
9.16649
8.79706
8.90357
8.87968
8.41642
8.98629
8.69048
8.79657
8.84449
9.00744
9.02662
8.9086
9.10547
9.16502
9.30802
8.96542
8.94622
8.75671
9.20228
9.00905
9.27927
9.09478
8.61631
8.88648
9.03475
8.78003
9.29724
9.27077
9.26256
9.2835
9.40996
9.13483
9.15132
8.80078
9.29798
9.21972
9.45015
8.97795
9.14866
9.38901
9.32063
9.19678
8.99329
8.99848
9.38223
9.14278
8.9865
9.07115
9.40366
8.94588
9.26105
8.99669
9.22806
8.95348
9.38453
9.06048
8.93284
9.45672
9.18791
9.31438
9.02998
9.18081
8.72372
9.34642
9.11855
8.84911
9.81566
9.48733
9.12941
9.16588
9.24944
9.14992
9.08153
8.80896
9.35184
9.05915
9.19185
9.69336
9.33213
9.51275
9.38534
9.06067
9.12783
9.03405
9.14184
8.90182
9.05803
9.45826
9.44338
9.21632
9.23591
9.37459
9.28668
9.17909
9.03501
9.00241
9.36431
8.96405
9.24849
9.58951
9.01897
9.06643
8.86409
9.0055
9.08255
8.79288
9.06874
9.47515
9.02855
9.13072
8.94242
9.56861
8.90808
9.30123
9.41956
9.53885
9.0927
9.11647
9.16959
8.71763
9.56932
8.98197
8.78648
8.85722
9.22672
9.63203
9.3022
9.35113
9.1343
9.31909
9.11892
9.07009
9.22869
9.07222
9.17142
9.21243
9.22679
9.20191
