12.8414
12.8133
13.1527
12.717
13.0097
12.6774
12.4725
13.1668
13.1257
12.8349
12.642
13.0854
12.6793
13.1642
12.8552
12.3627
12.8867
12.8413
12.9038
12.6882
12.7447
13.0331
12.7449
12.6545
12.7414
12.6727
12.6993
12.9059
12.9842
12.6365
12.677
12.8398
12.9384
12.8244
13.1459
12.7378
12.6693
12.333
13.1196
12.8802
12.8142
13.0141
12.5675
12.7491
13.2672
13.1208
12.8066
12.8818
12.5384
13.0316
12.9205
12.7481
12.7637
12.4177
12.9053
13.0519
12.6928
13.0109
12.7309
12.8009
12.8053
13.369
12.5734
13.1593
12.9556
12.9531
12.9335
12.7536
12.4967
13.0668
13.1215
12.5672
12.7519
12.4126
12.6187
12.9403
12.4428
13.0689
12.7484
12.8647
13.0184
12.8943
12.8944
12.688
12.7
12.4792
12.9701
12.7109
12.8905
13.3067
12.9883
12.6186
12.8178
12.8574
13.0113
12.5698
12.6648
12.8627
13.0684
12.7601
12.9725
13.2112
13.0785
13.055
13.101
13.3487
13.194
12.9974
13.2854
12.9067
12.9435
13.0596
12.9234
12.9465
12.7466
13.2783
13.0537
12.9932
12.8917
12.9524
12.9997
12.6158
12.772
12.761
12.9637
13.2707
13.2184
13.0119
12.9795
13.0734
13.5831
13.3278
13.6753
13.123
13.0932
12.9648
13.1144
13.1026
12.5644
13.0648
13.2928
13.2155
13.1068
13.338
13.1308
12.7837
13.0108
12.7993
12.8816
12.627
12.8718
12.8086
13.2443
12.8497
13.1224
12.8091
13.0084
12.86
13.2533
13.1889
12.8681
13.3309
13.2417
13.0884
12.8062
12.8486
13.2788
13.0792
12.8322
12.7767
12.8947
13.0506
12.8824
12.8653
13.0707
12.9888
12.826
13.284
12.9673
13.6841
13.1886
12.812
13.1359
12.6922
13.1375
13.4129
13.0331
13.3155
12.9337
12.9912
13.01
13.1207
13.8107
12.5737
12.8536
13.0089
12.6717
12.9873
12.7944
13.1831
13.1658
13.1423
12.7516
13.0731
12.8449
13.0143
12.6599
12.6507
13.0172
12.6852
12.9618
12.8782
12.817
12.9271
12.6952
12.949
12.9751
12.8826
13.0791
12.8663
12.6146
12.927
12.9696
12.558
12.4656
12.7384
12.6746
13.0874
13.182
12.8962
12.8526
12.8605
12.7983
12.5847
12.7943
12.4938
12.6878
12.6869
12.8788
13.1974
12.8104
12.842
13.1142
12.6129
12.5896
12.6094
12.6535
12.8998
12.9968
13.1813
12.9089
12.6497
12.6426
12.9367
12.5951
13.1192
12.7337
12.656
12.9193
12.6436
12.9698
12.6801
12.8392
12.7725
12.8651
13.0309
12.6968
13.1066
13.0082
12.5538
12.533
12.7413
12.8753
12.8253
13.0047
12.8873
12.6487
12.9182
12.5151
12.8665
12.9847
13.0853
13.0373
12.9495
13.1022
13.1687
13.2661
12.8365
12.8684
12.9642
12.9473
12.4966
12.4333
13.0438
13.2026
12.7705
13.1158
12.8161
12.9619
13.3473
13.117
12.9002
13.2073
12.7058
13.1626
12.7377
13.1377
12.8312
12.8776
12.9907
12.8198
12.9
13.3305
12.8492
12.8758
13.0728
12.7241
12.9889
12.5628
12.9961
12.7033
12.8367
12.7646
13.3315
13.0783
13.0177
12.9325
13.0111
12.6972
12.8616
12.7986
12.7897
13.0825
12.897
13.1616
12.7076
12.8135
12.8218
13.2914
12.8067
12.8504
12.8782
13.1354
12.9009
12.8904
13.0415
13.1453
13.3013
12.9422
12.9589
12.6639
13.2006
13.2321
12.9392
12.9029
12.9623
13.1054
13.2618
12.7958
13.1213
12.8794
13.2529
12.7013
12.6492
12.5903
12.7744
12.6106
12.767
13.0591
12.9117
12.6121
13.2383
12.9495
12.7376
12.5756
13.1146
12.6335
12.9943
13.1928
13.3839
12.9139
12.6305
13.0655
12.7104
13.347
13.107
12.7416
12.9298
12.8343
13.3583
12.8008
12.6239
12.804
12.8217
13.0438
13.0051
12.494
12.9365
13.0295
12.8203
12.712
12.8326
13.1255
12.6763
12.8199
12.5515
12.8016
12.8009
12.8028
12.765
12.6875
12.5298
13.4059
12.6609
12.8135
12.4197
13.0203
13.0923
12.8309
13.0108
12.7725
12.6916
12.6231
12.8167
12.5468
13.1486
12.7196
12.7963
12.9593
12.9375
13.1936
12.9349
12.5324
13.0632
12.3959
12.7227
12.6081
12.7038
12.6675
12.2908
12.8883
12.9629
12.9563
12.5896
13.0496
12.8314
12.5447
12.8749
12.9547
12.8427
12.8436
13.0702
12.9117
12.9698
13.0508
12.5836
12.7368
12.6683
12.8523
12.4722
12.7567
12.7327
12.6361
12.1475
12.5389
13.385
12.5125
12.4613
12.6229
12.4826
12.9947
12.7425
12.4042
13.1311
12.3148
12.6375
12.6042
12.6035
12.9809
12.8487
12.7219
12.7361
12.6839
12.6263
12.4982
13.1863
13.0577
12.8652
13.2043
13.1995
13.2716
13.2367
12.6011
13.2683
12.6966
12.8623
13.0404
13.3216
12.6619
12.5629
12.8374
13.0524
12.9865
12.973
12.6289
12.7459
12.9634
13.0984
13.1751
12.5745
13.0286
12.9548
12.9834
13.1096
12.7671
13.3664
12.8596
13.2228
13.0335
12.6167
13.2557
13.2003
13.0408
12.8991
13.2404
12.9214
13.0333
12.7439
12.956
13.19
12.9572
12.9638
12.7458
13.0001
13.1029
13.2984
13.0836
12.8095
12.8401
13.1645
12.821
12.7481
12.5367
12.8599
13.1187
13.0409
13.3683
12.9436
13.0862
12.4262
13.1831
12.8811
13.0429
12.9343
12.9184
12.9595
12.9613
12.6642
12.688
13.0643
13.2128
13.3122
12.9798
13.119
13.0765
12.8421
12.6613
13.1801
12.9007
13.6168
13.2008
13.0057
13.0013
13.1358
13.5425
12.676
12.4328
13.0067
13.0105
12.9384
13.0874
13.5572
12.6721
12.9083
13.2194
12.6683
12.6745
13.0068
12.784
12.9666
12.7434
13.2503
13.1571
12.9973
12.9485
12.8143
12.7078
12.7241
13.1205
13.0186
12.961
12.7704
13.0357
13.0414
12.8684
13.2115
13.4883
13.1888
12.7839
13.1579
12.6144
12.697
12.8393
12.7301
12.9818
12.9475
12.893
13.4222
13.1006
13.1238
13.0548
12.7795
12.776
12.5947
12.7574
12.7926
12.7427
13.0998
12.6155
13.1548
12.5883
12.8885
12.7333
13.2148
13.3276
13.3605
12.9626
12.7537
12.9018
12.5101
12.7286
12.8045
13.0088
13.3425
12.4628
13.1839
12.2404
12.7865
12.655
12.9036
12.3772
12.7728
12.6615
12.9539
13.1055
12.7615
12.8795
12.8555
12.6675
12.8937
12.9155
12.6773
13.0425
13.0453
13.051
13.0395
12.5475
13.1596
13.0959
13.0561
12.8345
12.6973
13.0422
13.1064
12.7159
12.9816
13.1179
12.7709
13.0023
12.5982
13.323
13.4559
13.2077
12.7006
12.6774
12.9313
13.1923
12.9908
12.8772
12.9165
12.814
13.0363
12.6874
12.7274
12.6305
12.8241
12.8015
12.9804
13.2573
12.8288
12.6141
12.8039
12.5895
13.0344
13.0577
12.76
12.7771
13.0027
12.458
13.4452
12.7524
12.8009
12.6199
12.5889
13.2633
13.1081
12.8297
12.734
12.5557
13.0986
12.9933
13.0662
13.1293
12.7486
12.8325
13.073
12.9226
13.022
12.9594
12.9946
12.8444
13.1192
12.6173
12.8826
12.9573
13.5856
12.865
12.6352
12.726
12.5777
13.055
12.7471
12.8723
12.8383
12.8934
12.987
12.9381
12.6862
12.9591
12.9475
12.8823
12.8173
13.3427
13.0044
12.9076
12.6113
12.8149
12.2964
12.8768
12.8394
13.2571
12.7846
13.2397
13.1947
12.987
12.7606
13.1349
12.874
13.0829
12.86
12.4956
12.8301
12.9352
12.9817
13.2375
12.8343
12.7678
13.0688
13.1657
13.0529
13.0112
13.0147
13.1218
13.1736
12.8554
12.5004
13.1988
13.0005
12.9409
13.2026
12.605
12.9169
12.7912
12.7842
12.9961
13.0285
12.3939
12.93
12.9184
12.6099
12.8261
12.7588
13.1702
12.7523
12.9444
12.3837
12.936
12.9431
12.8582
12.9816
13.2765
13.385
12.7648
12.7009
12.9
12.6175
12.9443
13.1164
12.5093
12.5836
12.7187
12.6318
13.1081
13.106
13.0975
12.6599
13.1471
12.7663
12.8916
12.6021
12.7119
12.788
12.9265
13.2606
13.0002
13.5238
12.9554
12.9051
12.6944
12.582
13.1015
12.7364
12.8111
12.7437
12.8169
12.953
12.5026
13.227
12.8754
13.1168
12.5839
12.5882
12.8811
12.9
13.4654
13.3588
13.2471
13.4492
13.2387
13.2857
12.9305
13.2026
13.7273
13.6269
13.0526
13.4799
13.0511
13.0178
13.2057
13.4455
13.0774
13.439
12.9993
12.8169
13.1648
13.2647
13.5304
13.0903
13.1388
13.2025
13.0764
13.0367
12.9855
12.6078
13.0547
12.9595
13.189
12.9868
13.3255
13.0502
13.025
13.387
13.3763
13.0947
12.9499
13.3361
13.2686
12.9455
13.0197
12.7945
13.1327
13.7041
13.5245
13.2291
12.9439
12.8081
13.2386
13.3934
13.4086
13.2944
13.0129
13.2642
12.9305
12.9777
12.9626
13.0142
13.4058
13.1202
13.0195
13.3926
12.7923
12.7184
13.1562
12.7136
12.8149
13.229
12.9926
12.9117
12.9678
12.964
12.9684
12.9661
13.1908
13.3925
13.3549
13.5308
13.3286
13.1303
13.2253
13.3592
13.4178
13.0606
13.2742
12.9862
13.0164
13.1719
13.0775
12.809
12.825
12.8573
12.7978
13.0644
13.0155
13.2856
13.198
12.6979
12.7097
12.9371
12.7767
12.5196
12.869
13.2079
12.8016
12.9514
12.6056
13.2125
12.6559
13.24
13.4596
12.9448
12.8119
12.7877
13.0117
12.4668
12.8687
12.4376
13.2188
12.774
13.3165
13.1653
12.7165
12.7577
12.844
12.4442
12.9037
12.8674
13.4532
12.7358
12.8358
13.0195
12.6898
13.0474
13.0162
12.8077
12.7187
12.5671
12.8699
12.678
13.006
12.9662
13.0187
13.0175
13.124
13.0125
12.7339
12.9703
12.2042
13.1587
12.6905
12.6641
13.078
13.0812
12.8528
12.6923
12.9613
13.2995
12.6979
12.5798
12.7045
12.9297
12.8521
13.0665
13.0021
12.7961
12.9958
12.9081
12.9509
12.6655
12.6373
13.105
13.0278
12.7056
13.0401
12.9331
12.6355
12.8418
12.9944
12.8781
13.0473
13.0605
12.859
13.0135
12.7151
13.0812
13.1173
12.9392
13.0869
13.1583
12.5709
12.6411
12.7181
12.6071
13.0077
12.8443
12.5371
12.8769
13.306
13.0753
13.176
12.9847
12.9787
12.485
12.7798
13.3198
13.2001
12.924
12.9215
13.0335
13.2249
12.9743
13.0145
12.809
12.7727
12.9783
12.7565
13.0026
12.8619
12.9484
13.1205
13.2325
13.2046
12.8315
12.8173
13.1196
12.9006
13.1302
13.1167
13.1416
13.2143
12.5761
12.9289
13.169
12.633
13.0883
12.713
13.2504
12.8513
12.674
12.8802
12.6883
12.9837
12.6606
12.7834
13.0514
12.9593
12.6304
12.7046
12.9922
12.7529
12.6526
13.1097
12.6317
12.7632
12.6674
12.679
12.5597
12.8299
13.1947
12.6896
13.0611
12.9014
12.8527
12.6421
12.7804
13.1838
13.3214
12.9265
13.0177
12.7561
13.0884
12.5841
12.9511
12.8751
13.079
13.1836
12.2707
13.5537
13.0662
12.9273
12.6761
12.9332
13.0478
13.0301
13.2799
12.904
12.8268
12.8445
13.0536
12.5765
13.4694
12.577
13.102
12.9967
13.0481
13.3566
13.3391
13.4244
13.1031
13.0255
13.1645
12.9192
13.0761
13.0453
12.2682
13.2084
12.9131
12.9586
13.0226
12.6036
13.0422
13.335
12.8767
13.268
12.9963
12.8901
13.3702
12.6743
12.8718
13.2452
13.3079
13.0588
12.8519
12.4738
12.5438
12.678
12.9335
12.8685
12.9919
12.6078
13.1745
12.9708
13.1966
12.954
12.5808
12.8185
13.023
13.054
13.5039
12.9762
13.2233
12.7749
13.2128
12.9559
13.173
12.9719
12.7473
12.8106
12.802
13.1393
12.8918
13.0434
12.624
12.7406
13.1742
12.4805
13.0934
12.5679
13.1499
13.0156
12.786
12.6017
12.4847
12.6828
12.9122
12.4299
12.4891
12.724
12.7598
13.3079
12.8281
12.8665
12.8924
12.6527
12.8355
12.6049
12.9588
12.8933
12.7954
12.5164
12.7019
13.0958
12.8337
12.8986
12.5677
12.773
12.6925
12.8937
12.5267
12.6129
12.9719
12.8478
13.05
12.9251
13.054
12.9395
12.5907
12.9139
13.0198
12.8644
12.7991
12.839
12.9995
12.5193
12.6924
12.9603
12.5939
13.2028
12.3149
13.0972
12.9533
12.4584
12.5707
12.7378
12.8223
12.6878
12.8765
13.0418
12.7029
12.8325
12.6749
12.909
12.7644
12.9964
13.2212
13.0404
12.8807
12.7531
12.7178
12.5331
13.0321
13.0452
12.7964
12.8233
12.6032
12.9298
13.1017
13.4951
13.1425
12.9587
12.6291
13.282
13.1858
13.1645
12.8054
13.3235
13.0971
12.707
13.158
12.847
12.6741
12.6381
13.5006
13.2671
12.9441
12.7627
12.9481
12.8966
12.7406
12.8074
13.1361
13.2928
12.5727
13.1267
13.2487
13.0544
13.1847
13.2691
13.2347
12.8842
12.7947
13.1068
13.1631
12.8721
13.0482
12.8976
13.2091
13.1239
13.2054
12.9174
12.6276
12.8854
12.8432
13.3896
13.2181
13.114
13.0057
13.2165
12.7542
13.0562
13.3201
13.09
13.2138
12.4536
12.8966
12.6132
12.9089
13.0683
13.11
12.5627
12.8749
13.1001
13.222
13.173
12.8256
12.9769
12.8785
12.7675
12.639
13.2155
13.3042
12.7545
12.9793
12.6152
13.0669
13.1852
13.0972
12.5447
12.9113
12.994
13.1106
13.0421
12.9852
12.8822
12.8278
13.0013
12.9358
12.7899
12.5557
12.7219
13.079
12.5159
12.9576
12.9824
12.8583
12.3612
13.1791
12.9508
12.9494
13.0418
13.3077
13.094
12.8632
12.5533
12.8283
12.7323
12.6969
12.8976
13.052
12.8593
12.7802
12.6968
13.0026
12.8369
12.7886
12.912
13.1446
13.0101
13.1929
12.9162
13.087
13.151
12.6507
12.9358
12.7324
12.7665
12.7884
12.9113
13.3069
12.6726
12.9517
12.5614
13.0567
13.1039
13.0232
12.7208
12.5731
12.923
12.8723
12.6085
12.8415
13.0069
13.0509
12.618
12.6743
12.8443
12.9546
13.458
12.9372
12.4715
12.891
12.6375
13.2556
13.0221
12.6754
12.9719
12.8254
12.6975
12.6326
12.881
13.0131
12.9213
12.7165
13.2002
12.6097
12.7609
12.6421
12.6916
13.1122
12.7151
12.7387
12.6883
12.907
12.5968
13.1374
13.0637
13.0613
12.7881
12.7404
13.0078
13.1922
13.2348
12.9791
13.4009
13.4875
12.7006
12.7436
12.8659
12.8333
12.9822
13.0001
12.7715
12.7106
12.7937
12.9529
13.0391
13.0264
12.9216
13.0938
12.7024
12.7962
12.4915
13.0891
13.0698
12.9973
13.1845
12.8836
12.9917
12.7908
13.0758
13.1234
13.3686
13.18
13.2412
13.0481
12.6011
12.7516
12.4341
12.657
13.1353
12.7015
13.2015
12.4552
13.1263
12.6402
12.7122
12.8394
12.443
12.8034
12.867
13.1309
13.1261
12.7529
12.8568
12.8554
13.0717
13.2543
12.9112
12.8124
12.8731
13.1558
12.5241
12.9097
12.9866
12.882
12.8883
12.798
13.343
13.2352
13.2982
13.2848
13.024
13.1669
12.8196
13.0688
12.7738
12.6973
12.682
12.8773
13.2845
12.7749
13.296
12.764
13.1484
13.4986
13.2453
12.6804
12.9447
12.9278
12.5081
13.0333
12.7796
13.3178
13.0323
12.958
13.1055
13.1929
13.1747
12.5561
12.692
12.6781
12.6102
13.1011
12.979
12.9184
13.1195
12.7359
12.8363
13.2976
12.7922
13.0692
12.9421
13.0817
13.0345
13.1822
13.2905
13.068
13.4659
13.0057
13.2952
13.1596
13.2235
12.703
12.9603
12.7173
12.9425
12.9395
12.7697
13.1648
12.9332
13.1561
12.9038
13.2118
12.9159
12.8748
12.847
12.6669
13.0306
12.7811
13.3265
12.8262
13.1404
12.5785
13.3364
13.0448
13.2641
12.9267
12.62
13.0645
13.0436
12.722
12.9744
13.2501
13.175
13.1168
12.9519
12.705
12.7261
13.03
13.3061
13.1788
12.5154
12.9275
12.611
13.1925
12.9295
13.0321
13.0291
12.956
13.0123
12.8411
12.9473
12.5852
13.4271
12.7899
13.2646
13.286
13.1261
13.2022
12.8955
12.8095
12.9946
13.0552
12.856
12.8949
13.1861
13.6885
13.2216
13.592
12.7254
12.5675
12.8273
13.2883
13.2706
13.2772
13.0417
13.1347
12.7534
12.9952
12.9653
12.9978
12.8567
13.1881
13.093
13.3333
12.6281
13.0217
13.0594
12.7463
12.5945
13.324
13.3148
13.45
12.9015
12.6201
12.9692
12.9032
12.872
12.8738
13.1429
12.7241
13.291
12.8588
12.8693
12.8203
13.1965
13.2103
12.7902
12.7657
13.1432
13.1668
12.9381
12.8616
12.9239
12.7471
12.8972
13.1277
12.5553
12.8881
13.0595
12.4914
12.5724
12.7146
12.9815
13.0469
12.6528
12.804
12.8012
12.7933
13.0037
13.0716
12.9293
12.525
12.9929
13.0748
13.158
12.8298
12.9197
12.6452
12.8286
12.8522
12.7952
12.8547
12.9467
12.9085
12.8654
12.8471
13.2123
13.1647
12.8374
13.1707
12.5863
13.049
12.862
12.4173
12.5202
13.1147
12.9959
12.9251
12.7656
13.081
12.5235
13.0506
12.4942
13.0019
12.5748
12.9521
12.9074
12.5308
12.8353
13.0722
12.69
12.6547
13.0462
12.8785
12.9518
12.7337
12.3339
12.5829
13.1431
13.2034
13.0824
13.1332
13.0047
12.483
13.4848
12.9354
12.8423
12.9391
12.4285
13.1707
13.1038
13.2465
13.2537
12.5718
12.5224
13.0556
13.0173
12.7823
12.8073
12.52
13.0032
12.833
13.2319
12.998
12.5942
12.8278
12.6984
12.6418
12.8818
13.1494
12.6475
12.3834
12.486
12.8644
13.4598
13.0445
13.0515
12.8878
12.7338
12.4808
12.5642
12.6999
12.7799
12.7368
12.8787
13.304
13.0874
12.8367
13.3516
12.9906
12.8073
12.7213
12.6848
12.7837
13.0537
12.8608
13.1481
12.6306
12.8356
12.655
13.3551
12.6616
12.7347
12.9045
13.0264
13.0185
12.579
13.2653
12.8728
13.0897
13.2383
13.0597
12.4952
12.8243
13.0307
12.4491
12.6138
13.2084
13.1348
13.2439
12.5093
12.9664
12.7506
13.3328
13.4044
12.6694
12.7443
12.6795
12.6293
12.8578
12.8222
13.0545
12.8186
12.9141
12.8433
12.7431
12.8656
12.5091
12.9604
12.7446
13.1987
13.4864
12.6898
12.8463
12.9944
12.7782
13.0409
13.1266
12.9776
12.9743
13.2884
12.9813
13.1478
12.6904
13.2221
12.719
12.9757
13.0166
12.8619
12.8706
12.7128
12.6468
13.0988
13.0346
13.1823
13.2173
12.7035
12.8038
13.1199
13.0637
13.1855
13.1179
12.8491
12.9643
12.5759
12.9572
13.1421
12.9669
12.9578
12.6003
12.6981
12.6191
12.538
12.6173
12.936
13.1236
13.0425
12.9178
13.0059
12.9918
12.6475
12.386
12.8508
12.7094
13.0699
13.0806
13.1362
13.062
12.7847
13.358
12.8054
13.2075
13.0463
12.8586
12.7718
13.2445
13.2487
12.4189
13.0407
12.8833
13.087
12.9342
12.8356
12.8843
12.7474
13.0167
12.9232
13.3725
13.1169
13.3113
13.1901
12.6527
12.8653
12.6559
12.624
12.5019
12.6316
13.2249
12.8574
13.0692
13.1182
13.0892
12.6036
12.9152
13.0712
12.6903
12.819
12.7327
12.8855
13.4977
12.9811
13.1637
13.288
12.78
13.0432
13.1116
13.2246
13.2404
13.4304
13.4423
12.8587
12.5152
13.4287
12.8673
12.8659
13.0269
12.611
13.058
12.8195
12.9076
13.0414
12.9343
12.5154
12.8278
13.0371
13.26
13.1483
12.9802
12.6618
12.951
12.7091
13.0084
13.0398
12.9173
13.1919
13.1782
13.1736
13.2165
13.0915
12.9834
12.8182
13.2353
12.5217
13.2457
13.125
12.8688
12.501
12.9586
13.0645
12.6387
12.9808
13.041
12.8821
13.2342
12.9659
12.9454
12.8052
13.0236
12.7722
12.6168
12.6408
12.5729
12.9163
12.8246
12.8485
13.1329
12.8545
12.9121
13.0321
12.7885
12.9753
13.1706
12.8822
12.4746
12.4535
13.1239
12.8854
12.7431
12.9462
12.6141
12.6615
12.6999
13.2734
12.9101
12.9962
12.9909
13.272
13.1891
13.0852
13.1787
12.7304
12.7258
12.5125
13.017
12.6645
12.3364
12.6729
12.9537
12.8975
12.5618
13.0258
13.0454
13.2663
13.1944
12.3754
12.5347
12.3459
13.1891
12.7743
13.3578
12.7963
12.8676
13.0712
12.5758
12.9895
13.0777
12.7441
12.9052
12.6831
13.2034
12.8607
12.9158
13.1456
13.1981
12.8863
12.5997
12.7329
12.7658
13.4536
13.0393
12.9961
12.6535
12.8796
12.8048
12.4349
12.7903
13.0236
13.1321
13.0527
13.0053
13.181
13.2006
13.1839
13.0702
12.3172
12.7998
12.4195
12.9756
12.3561
12.9749
13.144
13.0587
12.9694
12.9103
13.0044
13.1914
13.0713
13.2056
13.0016
12.818
13.0907
12.9504
13.2495
12.7567
13.3108
12.7758
13.2247
12.5593
13.2066
12.6475
12.6943
12.7128
12.9959
12.7157
12.6772
13.335
13.1195
13.126
12.8092
12.7273
13.2921
12.7833
12.6772
13.174
12.9012
13.1736
13.003
12.9772
12.659
13.0276
13.2238
12.854
12.8422
13.1645
12.8807
13.0894
12.8929
13.4365
12.7853
12.5161
13.1149
13.0066
13.5185
12.9786
12.8432
12.8217
12.9129
12.7166
12.8218
12.8455
12.6462
12.8126
12.83
13.1656
13.0009
13.0475
12.9189
12.7213
12.5562
12.8104
12.5183
12.4884
12.397
12.4341
12.8061
12.4777
12.7423
12.5368
12.6906
12.7691
12.8733
12.9421
12.6666
12.9739
13.3584
12.5766
12.8063
12.6857
12.5888
12.2789
13.2681
12.4385
13.268
12.9112
12.8818
12.4537
12.5289
12.4903
13.1771
13.0117
12.8313
12.7862
12.722
12.8256
12.8649
12.643
12.8902
13.0075
12.7471
12.9982
12.7538
13.2224
12.8206
12.9581
12.8852
12.3598
12.7245
12.8946
12.5732
12.9051
12.9579
12.6993
12.5717
12.8601
12.9673
13.0694
12.7079
12.8002
12.9204
12.6944
12.6572
12.3263
12.586
12.3064
13.2795
12.8283
12.8736
12.8871
12.8247
12.9768
13.0216
12.7889
12.6237
12.4723
12.8703
12.9214
12.8521
12.9352
12.799
12.6875
12.78
13.1735
12.9011
12.6589
12.5694
13.0275
12.6325
13.1349
12.9329
12.7706
12.8756
13.0404
12.6167
12.9606
12.4692
12.6462
12.4084
12.4982
12.7732
12.7918
12.8158
12.4957
13.2519
12.7122
12.8839
12.8425
12.7038
12.6196
12.6858
12.7045
13.0031
12.5285
13.0057
12.6457
12.5348
12.5013
13.1167
13.0546
12.2917
12.4939
12.4021
13.1345
13.0484
13.0423
12.7934
12.5447
13.0183
12.7548
13.2194
12.7932
12.9935
12.889
12.8718
12.8134
13.0154
12.3906
13.2728
12.8279
12.7724
12.6415
13.1453
13.2665
12.8448
13.2221
13.1228
12.7202
12.6081
13.2029
12.8117
12.6792
12.5446
13.1532
13.2928
12.4955
12.7406
13.2318
12.992
13.0207
12.9633
13.0365
13.1659
12.9117
12.9842
12.8384
12.9467
13.0281
13.0016
12.9725
12.715
13.0344
12.6146
12.9354
13.0202
13.0853
13.0201
13.1867
12.9472
13.2152
12.7599
13.3804
12.6156
13.1764
12.8497
12.7877
12.93
13.4908
12.5912
13.1979
13.0346
13.1693
13.0426
13.1673
12.8737
13.1598
13.0739
12.3796
13.5148
12.84
12.8988
13.1763
12.7947
13.028
13.2006
12.7478
13.1398
12.9712
13.0513
12.995
12.8582
12.8947
13.0503
12.5163
12.7921
13.1773
13.0819
12.9181
12.9023
12.679
13.2968
12.9186
12.6717
13.0575
13.2515
13.0387
12.9142
13.0444
13.1604
13.1827
13.2222
13.1371
12.8701
13.4675
13.2747
12.8176
13.105
12.7608
12.9062
12.8114
13.1037
12.4149
12.8951
12.4823
13.0419
12.8287
12.9999
12.9557
13.005
12.9964
12.6418
13.0443
13.0461
13.1691
12.8512
12.8833
12.9066
13.4668
13.3024
13.155
12.9758
13.094
13.1315
13.2522
12.8841
13.0017
12.7937
12.4491
12.8565
13.032
13.5116
13.1611
13.2282
12.9554
12.6799
12.5163
12.8776
13.1028
12.6717
13.0408
12.6662
13.1177
13.0212
12.9166
12.7624
12.8636
12.2758
12.721
12.5213
12.7158
12.7095
12.6721
13.4016
12.8712
13.147
12.8904
13.0459
12.4795
12.7985
13.1398
12.9863
13.1208
12.3928
13.0207
12.9264
12.5317
13.2484
12.7034
12.9405
12.7471
12.7323
12.6385
12.4986
12.5306
12.9178
12.8752
12.9872
12.8745
13.1589
12.9236
12.796
12.3459
13.0624
12.7583
13.2104
13.0813
12.7505
13.1718
12.9431
12.8945
12.6239
12.7762
13.1037
12.6981
13.0325
12.8233
13.3917
12.7966
12.2439
12.8667
12.9921
12.737
12.6264
12.415
12.4867
12.704
12.8362
12.632
12.9409
12.3479
12.5598
12.6853
12.3037
12.6254
12.6009
12.2723
12.5152
12.3452
12.6406
12.5574
12.5704
12.6794
12.7341
12.3305
12.8657
12.3616
12.4304
13.1276
12.6352
12.3698
12.8407
12.6282
12.801
12.7181
12.727
12.7849
12.5274
12.9035
12.7072
12.7906
12.7081
12.4772
12.5792
12.6131
12.7327
12.8043
13.0084
13.1251
12.7532
12.6161
12.59
12.8503
12.2747
13.0266
12.7182
12.8916
12.8759
12.8249
12.702
12.6661
12.6988
12.5043
12.4648
12.5599
12.6654
12.9039
13.1689
12.9862
13.3503
13.1593
13.0141
12.9908
12.6613
12.693
12.9396
13.3983
12.8603
13.0539
12.8546
13.0318
13.7174
12.7214
13.2586
12.7645
12.9797
12.8206
12.8127
12.861
12.8543
13.1722
13.1489
13.2567
12.8137
12.7141
12.8181
12.9719
12.961
13.0492
12.7742
13.3089
13.0064
12.9222
12.8801
12.843
12.8121
13.2452
12.9142
13.0724
12.6573
12.9947
13.0295
12.943
12.9674
12.8144
13.0374
12.9722
13.4645
12.7767
12.6944
13.0338
12.9148
12.6756
13.2461
12.8446
12.6454
12.9711
12.8741
12.9743
12.8151
12.984
12.672
12.8908
12.5572
13.3019
13.1042
13.409
12.7253
12.5874
12.7319
12.347
12.5722
12.7204
12.5906
13.1181
12.7
13.2077
12.9808
13.0576
12.6558
12.7529
12.4741
12.476
12.7448
13.172
12.786
12.6492
12.9308
12.9288
12.9706
12.7493
12.8543
12.9069
13.1352
12.9482
13.0209
12.8339
12.6337
13.0279
13.0529
12.523
12.7948
12.9559
12.9561
12.3251
12.8755
13.1486
12.3892
12.5846
12.743
12.899
12.7911
13.2289
13.0224
13.049
12.8334
12.5979
12.8997
12.557
12.8994
12.7653
12.8857
13.1263
13.0643
13.0146
12.787
13.0421
12.954
12.727
12.9797
12.4646
12.8384
12.9843
12.6682
13.0501
13.259
12.5722
12.9256
13.0332
13.1475
13.4446
12.9204
12.8468
12.9017
13.0797
13.3682
12.9018
13.2032
13.6769
12.9934
13.0321
13.212
12.966
13.1261
13.0344
13.1943
12.9204
13.0091
12.9668
12.9676
12.9705
12.9494
12.9187
13.2048
13.2704
12.9818
12.9064
13.3638
12.8955
13.0722
13.3081
13.1048
12.9909
12.6213
12.8711
12.9283
13.0947
12.957
13.3961
12.7461
12.9922
12.9017
12.8348
12.9282
13.1666
12.9511
13.1358
13.1392
13.5465
13.1157
13.1842
13.0673
13.3702
13.4889
12.9798
13.2936
12.9423
13.0883
13.1412
13.2111
13.0731
13.1648
12.7899
12.9235
13.294
13.037
13.2755
13.3113
12.9426
13.2151
13.1246
12.8521
12.9837
13.1602
13.1467
13.0546
12.6461
12.9399
13.3963
12.7423
12.8179
13.1021
13.1696
12.6567
13.1077
13.1524
13.0414
13.4439
13.1547
13.1771
12.8198
12.8679
13.203
12.9638
13.2117
12.8642
13.0579
13.1486
13.1518
13.0133
13.2099
12.8172
12.8397
13.1955
12.7058
13.2879
12.9647
13.3049
13.0647
12.8221
13.0093
13.1623
13.3679
12.6706
13.3164
13.0622
13.4597
13.5944
13.1268
13.0569
13.2963
13.3946
13.2889
12.818
12.9538
12.8352
12.5611
12.6493
12.2804
12.9006
12.9105
13.1643
12.8648
13.0157
12.7714
12.8887
12.8056
13.0603
12.9706
13.0725
12.735
12.4597
12.6422
12.8803
13.0561
12.7786
12.6422
12.7573
12.8594
12.98
12.8812
12.8994
13.0055
12.6479
13.2516
12.899
12.9632
12.8405
13.1763
12.7563
13.1253
12.9642
13.0496
13.1197
12.9434
13.1566
13.0204
13.1626
13.2178
12.7289
12.7484
12.7857
12.7003
12.7131
13.16
12.9615
13.1736
13.3593
12.6973
13.0132
12.9165
13.4043
13.0778
13.0352
13.2081
12.6553
12.7858
12.8395
12.7643
12.5206
13.3627
12.6507
13.0603
13.2575
13.1114
13.3976
13.224
13.0523
13.1171
12.4838
12.8472
12.5404
12.8289
12.618
12.7262
12.831
12.9765
12.7189
12.9124
12.8746
12.8271
13.1077
12.9787
13.1828
12.5928
12.9117
12.8605
13.1437
13.0469
13.0338
12.9994
13.1683
12.5444
12.6843
12.8761
12.8522
13.1031
12.7894
13.1592
12.953
13.1747
12.9138
12.996
12.5434
13.0558
12.815
12.6683
12.7709
13.2217
13.1756
12.7778
12.8222
12.6739
12.5674
13.5044
13.0154
13.2643
12.8868
12.7245
13.0759
12.4549
13.062
12.7404
12.6255
13.0096
12.5131
12.7317
13.1814
12.9514
12.6746
13.016
12.792
12.7904
12.6908
12.8567
12.9097
12.8305
12.8165
12.902
12.7607
12.4792
12.6752
12.4996
12.4844
12.9031
12.9417
12.8136
13.0962
12.7966
12.6088
12.9622
12.714
12.753
12.573
13.0119
12.7784
12.1988
12.8708
12.8138
12.9163
12.6486
12.571
12.9
12.7692
13.0006
12.308
12.7655
13.0406
12.7659
12.9151
12.8301
12.909
13.1566
12.8822
12.5854
12.6091
12.8861
13.0541
12.2152
12.7235
12.8209
12.8832
12.6402
12.796
12.7079
12.5921
12.1036
12.2136
12.9817
12.8083
12.9832
12.8776
12.2885
12.5017
12.5968
12.7351
12.5071
12.3892
12.7844
12.6737
12.5137
12.9579
12.4247
12.766
13.1109
12.8573
12.8337
12.6357
12.1337
12.7646
12.5413
12.6909
12.7631
12.8634
13.0248
12.7235
12.9181
12.4938
12.3422
12.7051
12.6991
12.423
12.4977
12.7067
12.5539
12.8222
12.4682
12.3795
12.6692
12.2483
12.0969
12.907
12.7046
13.0531
12.7948
12.8088
12.3643
12.5005
12.7443
12.4102
12.6617
12.5651
12.8741
12.6921
12.7634
12.8157
12.8538
12.6007
12.8021
12.9312
12.449
12.6235
12.232
12.4351
12.304
12.6278
12.3529
12.4791
12.8177
12.8976
13.119
13.263
12.8458
13.0901
12.6821
12.826
13.1787
12.8122
13.1414
12.9129
12.6964
12.7661
12.7091
12.578
12.7134
12.2746
12.9353
12.7571
12.8614
12.8858
12.2275
12.5285
12.6243
12.9152
12.794
12.7749
12.5615
12.5352
12.3117
12.6902
12.8467
12.7553
13.022
12.2119
12.5868
12.4526
12.9129
12.7817
13.0026
12.836
12.9166
12.6404
12.7531
12.8436
13.1227
12.6243
13.0297
13.0727
12.885
13.0833
12.8831
12.8054
12.9986
12.8882
12.947
12.8746
13.0539
12.9929
13.1936
13.2502
12.8898
12.7352
12.8456
12.8107
12.8075
13.0188
13.1137
12.8777
12.9713
12.9527
12.8287
12.7973
13.0522
12.9246
13.1366
13.1253
12.9806
12.6138
12.6871
12.649
12.906
12.5286
12.9357
12.748
12.971
12.9953
13.1648
12.8758
12.5899
12.9402
13.0095
13.2322
13.3093
13.0471
13.3289
12.7831
13.3412
12.9857
12.6739
13.0246
12.881
12.6703
12.7904
12.7582
12.9259
12.9696
12.7071
12.6353
12.6848
12.7579
13.0484
12.3924
12.6669
12.8024
12.5785
12.8122
12.6459
12.5873
12.5075
12.6266
12.4835
13.1556
12.7099
12.8826
12.2333
12.6303
12.8827
13.0409
12.6509
12.6953
12.5835
12.8999
12.5905
12.712
12.3947
12.6254
13.0941
12.8737
12.5424
12.9624
12.8289
13.0336
12.6663
12.1482
12.223
13.1968
12.3481
13.1343
13.0565
12.8333
13.1545
12.6501
13.0189
12.4199
13.3696
12.9467
12.732
12.5505
12.7513
12.9627
12.8972
12.9001
13.3003
12.7312
12.9258
12.6834
12.6301
12.9426
12.7172
12.8007
12.8686
12.5552
12.6202
13.053
12.9997
13.2211
12.6431
12.6946
12.6136
13.2018
12.9031
12.779
13.2192
12.7481
12.8318
12.9987
12.7319
12.9718
13.1055
12.7241
13.2473
12.9645
12.9874
13.2763
13.0178
13.0061
12.7527
12.8935
13.0023
12.8418
12.9608
12.9805
13.0352
13.0228
12.9744
13.4977
12.682
12.926
12.5984
13.397
12.98
12.9857
13.0968
12.5944
13.0795
12.9292
12.791
12.4887
12.8582
12.6086
12.9261
13.0119
12.3529
12.681
12.9089
12.2495
12.6856
12.9452
12.8266
12.9378
12.8314
12.9139
12.4459
12.9316
13.0654
13.1552
13.0685
12.7333
12.9814
12.8497
12.5556
12.5837
13.0978
12.6564
12.8132
12.5201
13.1201
12.4544
12.7741
12.7493
12.3016
12.7236
12.6275
13.0416
12.8277
12.6946
12.5619
12.8305
12.6786
12.6635
12.6319
12.7099
12.5554
13.2307
13.3583
13.0063
12.3234
12.6831
13.2583
12.8957
12.9517
12.7358
12.9956
13.032
12.9816
13.3667
12.897
12.8693
12.8686
13.0701
12.4705
12.9605
12.7804
12.879
13.52
13.0152
13.1889
12.661
13.1641
12.9516
12.7614
13.153
13.1311
12.5597
12.7396
12.8267
12.5934
13.0786
12.8374
13.109
12.9154
13.1374
12.6969
12.8633
12.943
13.0732
12.9845
12.7246
13.2714
12.9293
13.3532
12.7665
12.71
12.5476
12.8942
12.8553
12.9501
12.8127
12.9388
12.7075
12.8984
12.6903
12.9932
13.2432
12.572
12.8428
12.551
13.2958
13.0719
13.2823
13.3005
12.9969
12.8783
12.6387
12.7644
12.7952
13.2286
13.7394
13.1611
12.7265
13.3412
13.1099
12.6074
12.9824
13.3115
12.9662
13.1345
13.5744
12.837
13.3512
13.4778
13.0646
12.9592
12.8127
12.9859
13.0745
13.0292
12.8774
13.0672
13.1561
13.1091
12.7743
13.4254
13.1075
13.3102
13.077
12.4542
12.8999
12.9115
13.216
12.8771
13.4649
12.9262
13.2852
13.2552
13.0475
13.2027
13.0304
12.8768
13.3614
12.8223
13.312
12.8941
12.902
12.9003
13.0348
12.9679
12.8576
12.9663
12.9075
13.0488
12.9077
13.172
13.3434
12.8055
12.99
12.7917
12.8192
13.1878
13.2538
13.1911
13.0937
12.8819
12.8645
13.5374
12.8399
12.9788
13.0628
12.9642
12.2048
12.7854
12.8023
12.7072
13.0169
12.8132
12.941
13.2492
13.0278
12.6656
12.8567
12.9654
12.887
13.2776
12.939
13.2462
13.4337
13.3573
13.3762
12.7434
12.8654
13.0405
12.8114
12.6937
12.8614
13.3321
12.8784
13.0769
12.9653
12.4837
12.8844
12.6938
12.5124
12.9114
13.138
13.0994
12.7096
12.982
12.8011
12.7971
13.2733
13.2391
12.6862
13.0646
13.0973
13.0356
12.9451
13.2171
13.0074
13.0354
12.5739
13.1069
12.7315
12.6559
12.8758
12.9256
12.9793
13.1553
13.0826
12.9693
13.1471
12.5265
12.7387
13.2412
12.5828
12.8485
12.9025
13.2237
13.4455
12.6834
12.8801
12.9147
12.9034
13.3455
12.8611
12.7736
13.3698
12.7187
12.5999
12.8246
12.6116
12.8868
12.7943
13.0644
12.9865
13.4291
12.716
13.0764
12.6871
12.9829
12.8485
12.7333
12.9237
12.8291
12.9422
13.064
12.9044
12.7982
12.9619
12.939
12.9653
12.9167
12.7019
13.0261
12.6483
12.8674
12.9952
12.6404
12.9227
13.3533
13.1138
12.671
13.1228
12.5031
12.8564
12.4143
12.9411
13.3353
13.3004
12.7295
12.9009
12.6978
12.7399
13.2516
13.1909
12.8594
12.8644
12.8113
13.0716
12.5178
12.3438
12.6966
12.8458
12.493
13.0669
12.7443
12.7721
12.8944
12.8838
12.7905
12.5154
12.8976
12.9763
12.4288
12.9653
12.4945
13.1751
12.4586
12.8157
12.877
12.9112
12.864
12.6401
12.5242
12.7084
12.9914
12.515
12.3486
12.4429
12.6692
12.9895
12.7611
12.4294
12.6823
12.9094
12.6242
12.9632
12.9365
12.941
12.8925
13.213
12.8344
12.5599
12.5203
12.821
12.8206
12.6444
12.9239
12.8167
12.782
12.5172
12.6768
12.8676
13.0678
12.6524
12.558
12.8118
12.888
12.6485
13.3149
12.5759
12.8009
13.0078
12.8405
12.9368
13.161
12.6502
13.1098
12.6805
12.8207
12.6874
12.5257
12.6866
12.6411
12.7261
12.6294
12.6875
12.966
12.796
12.8916
12.8811
12.7257
12.54
12.7925
12.6611
12.6695
12.8093
12.8266
12.6674
13.0103
12.759
12.7431
12.8004
13.0732
12.6073
12.6255
12.5525
13.0482
12.8415
12.9041
12.2292
12.9914
12.9481
12.9124
12.8233
12.8106
12.4547
13.0522
12.7103
12.6645
12.6894
12.7706
12.893
12.9543
12.7364
12.8772
12.3408
13.1686
12.4884
12.9067
12.7234
12.38
12.8983
13.0082
12.3857
12.88
12.9313
12.6911
12.7861
12.4979
12.5157
12.876
12.8438
12.7584
12.6494
12.7921
12.9114
12.5326
13.1869
13.1167
12.5144
12.8302
12.4659
12.4777
12.4457
12.8598
13.1089
12.9043
13.0123
12.6345
12.9592
13.0972
13.1757
12.7372
12.7626
13.1047
12.9523
12.693
13.2003
12.8825
12.7827
12.6759
12.971
12.4489
13.0772
12.6307
12.9924
12.5402
12.4369
12.7468
12.5194
12.7249
12.4015
12.8755
12.6011
12.9754
12.5886
13.0186
12.9182
12.8286
12.6911
13.017
12.6376
12.9674
13.0538
12.8125
12.9881
12.5807
13.1902
12.7011
12.8701
13.0992
12.8792
12.5838
13.1814
12.6728
12.7091
12.8087
12.5771
12.6498
12.9353
12.4886
12.8352
12.7814
12.5254
12.8338
12.8851
12.9085
12.832
12.3555
12.9269
12.5218
12.8638
12.4726
12.1715
12.7424
12.4105
12.5064
12.8247
12.8915
12.5767
12.9955
12.6339
12.5037
12.6123
12.3853
12.805
12.6099
12.8397
12.8035
12.7271
12.9494
12.6307
12.7256
12.3917
12.7373
12.7677
12.5635
12.7832
12.9894
12.4132
12.8161
12.7207
12.5484
12.5925
12.9167
12.7289
12.7162
12.8726
12.7813
12.5599
12.6445
12.8008
12.837
12.4826
12.9695
12.6829
12.5204
12.1747
12.4729
12.7155
12.8115
12.7476
12.6048
12.9409
12.7658
12.7767
12.4288
12.7055
12.432
12.8933
12.9338
12.7383
13.0481
13.1518
12.5179
12.6614
12.8205
13.0254
12.9723
12.7317
12.5383
12.7373
12.4352
12.896
13.0933
13.1044
12.8497
12.5742
13.487
13.0551
12.9418
12.923
12.9471
13.2164
12.986
12.6684
13.566
12.756
13.1765
12.953
13.3254
12.4261
13.2833
12.7727
13.0693
12.6116
12.5595
13.2114
13.2611
13.2947
12.7585
13.0465
12.9646
13.1487
12.8624
13.1453
12.9318
12.9105
13.3646
13.3365
12.7679
12.9735
12.6623
13.0449
12.6238
13.0512
12.9599
12.9299
12.7908
13.119
12.5004
13.0078
13.1509
13.3501
13.2229
13.393
13.333
12.7653
12.583
12.5854
13.2598
12.6102
12.7133
13.1968
12.8791
12.9762
13.0065
12.6206
13.0378
12.7356
13.1581
12.9897
13.0224
13.0427
12.8857
13.1367
13.0132
12.9396
12.9206
12.61
13.1449
13.3268
13.0489
13.2592
13.1406
12.8137
13.1789
13.0285
12.8655
12.6765
12.8282
12.6973
12.8843
13.1671
13.0647
12.8409
12.8774
12.6549
12.7849
13.0087
12.7844
13.0327
13.1418
13.0122
13.0482
12.7812
13.0592
12.7561
12.9905
12.6826
12.9852
12.3636
13.1506
13.1435
12.9964
12.7202
12.8493
12.9179
12.4873
12.7975
12.8926
12.9545
12.8791
13.1487
13.1491
12.6481
13.0299
13.2981
12.7942
12.7291
13.0787
13.3325
12.8811
12.8935
13.0277
13.2423
12.6538
12.538
12.8774
12.989
12.821
12.9285
13.0366
12.8467
13.2282
13.1723
12.9211
12.5096
12.4497
12.9569
12.7582
12.9309
13.0075
13.4287
12.6259
12.6885
12.561
12.7217
12.6902
12.7587
12.9405
13.2326
12.8697
13.5086
12.9389
12.906
12.7044
13.0769
12.9089
12.6957
12.4097
12.5737
13.1441
12.752
12.5113
12.7893
13.0891
12.8173
13.1774
12.8287
12.5831
12.9164
12.9447
13.1938
13.0922
12.4366
12.713
12.7322
12.8062
12.7873
13.0167
12.768
12.7831
12.7691
12.9982
13.1949
12.5869
12.5726
13.0192
12.7828
12.856
12.5834
12.5596
13.2305
12.4929
12.6991
12.942
13.0373
12.7041
12.2633
12.742
12.6517
12.886
12.8526
13.04
12.7714
12.7664
12.7695
13.094
12.6168
12.5498
12.6662
12.8554
13.1186
12.8173
12.9555
12.7341
12.434
12.7262
12.7861
12.9697
12.4573
12.8492
12.6098
12.8077
12.6795
12.6363
13.2963
12.7614
12.698
13.1491
12.8377
13.1619
12.7507
13.1893
12.6071
13.2794
12.9227
13.0164
12.9781
12.9349
12.8514
13.2281
13.0622
12.8514
13.0478
13.0054
13.5867
13.0548
12.8879
13.1909
13.4414
12.8759
12.8424
12.6225
12.9562
13.3774
13.0077
12.7781
12.868
12.9641
13.11
12.8916
12.8095
12.7164
12.8799
12.8248
13.2119
13.3346
12.7128
13.1514
12.6869
13.0007
12.9233
12.8838
13.0832
12.6347
12.9898
12.9427
12.667
13.0426
13.3494
12.8319
12.6075
13.0686
12.9473
12.7537
12.9429
13.2604
12.6698
12.7113
13.0756
12.6713
12.9344
13.2324
12.959
13.0652
12.8193
12.9734
13.2587
12.913
12.8215
12.824
13.1697
12.8358
12.9315
12.963
12.913
12.8129
12.8024
13.1429
13.3341
13.2506
12.8073
12.9031
12.8785
12.7199
12.8987
12.6714
13.3203
12.9588
12.6021
13.2257
12.4252
13.0959
12.5278
12.9435
12.9584
12.9765
12.5874
12.9106
13.1069
12.7384
12.906
13.1064
13.0598
12.5642
12.9441
12.5131
12.9271
13.1062
13.1567
13.2652
12.9646
12.7173
13.0854
12.7149
13.0064
12.9098
12.8577
12.8358
12.9262
13.0354
12.8262
12.8963
12.8388
12.7274
12.8904
12.4614
13.2913
13.0087
12.8515
12.7468
12.8223
12.757
12.767
13.0535
13.1384
13.1231
12.667
12.9718
13.0461
12.542
13.267
12.5102
12.8879
13.1809
12.75
12.7872
13.0558
12.6128
12.3954
12.6842
12.8442
12.6757
12.9337
12.8393
12.9818
13.2878
13.0582
12.6504
12.9632
12.8535
13.3248
12.9131
12.7987
12.9563
12.4842
12.4012
12.9015
12.8567
12.8511
13.0768
12.9394
13.2088
12.7795
12.365
12.6909
12.9069
12.5973
13.036
13.1381
13.1058
13.1205
13.055
12.9067
13.238
13.1355
12.7634
12.9726
12.9948
13.1271
13.1094
12.8575
12.7349
12.764
13.232
12.9041
12.9283
12.746
12.6274
13.2437
12.66
12.8319
13.0142
12.863
12.8302
13.1365
12.593
12.9106
13.031
12.8614
12.9346
13.2054
13.073
13.0686
12.7635
12.8935
12.8195
13.2551
12.9698
12.8085
13.1989
12.6921
13.4386
12.4876
12.5598
12.7292
13.28
12.7062
12.9284
12.9389
12.4838
12.3746
12.6833
12.8176
12.6952
12.7651
13.0445
12.9909
12.7831
12.6224
12.8292
12.8273
12.7579
13.063
12.9627
13.0105
12.8015
12.9905
12.7124
13.2351
13.1009
12.5587
12.674
12.8801
13.0954
12.8584
12.616
13.0574
12.4029
12.8367
12.6563
13.0606
12.753
12.5817
12.4064
12.565
12.7619
12.6058
12.9592
12.5096
12.7508
12.8287
12.7404
12.7743
13.0816
12.9988
12.5972
12.8588
12.847
12.5568
13.2894
13.0918
12.3594
12.7398
12.8054
12.9021
12.7194
13.5447
12.6031
13.1257
12.7728
12.728
12.5158
12.5438
13.0356
12.6729
12.7215
13.0223
12.8204
12.7052
12.9934
12.9422
12.798
12.8344
13.0781
12.8022
13.0912
13.4114
13.2168
13.1203
12.9218
12.7258
12.8555
12.7772
12.8472
13.1374
12.9845
12.7049
12.9987
12.5547
12.4167
12.4736
12.5992
12.5791
12.5638
12.5888
12.8771
12.9389
12.5509
12.7394
12.8629
12.7283
12.6776
12.7433
12.8008
12.7908
12.8931
12.9574
12.7112
13.0829
13.0051
12.7706
13.0642
12.1703
12.9148
13.0895
13.3224
12.7545
13.1004
12.7755
12.7836
12.9824
13.188
13.4272
13.3302
13.2407
13.4195
13.0252
12.8851
12.9029
13.3604
13.0443
13.2665
13.2094
13.2336
13.1009
12.6713
13.5719
12.9963
12.8869
13.1033
13.025
12.9885
12.9007
12.7118
12.8053
12.7151
12.8593
12.5744
12.8704
12.8792
12.8987
12.7376
12.3494
12.3277
12.6332
12.5688
12.7913
12.7403
12.5492
12.9584
12.4798
12.9408
13.1073
12.8777
12.4921
12.6041
13.2301
12.5712
12.8197
12.516
12.8552
13.0275
12.9324
12.9035
13.1822
12.9694
12.9764
12.9701
12.8469
12.8027
12.7293
12.4042
12.6387
13.2612
13.5944
13.0555
13.1326
12.9707
12.8232
13.1082
13.1339
12.8326
12.6612
13.2848
12.8606
12.7288
12.8263
12.6312
12.0649
12.7579
12.9552
12.8606
12.8319
12.772
12.4863
12.9662
12.7928
12.7847
12.8374
12.7095
12.9276
13.0695
12.8125
12.5222
12.9622
12.8829
12.2741
12.6304
12.4895
13.0164
12.5311
12.9929
12.8785
12.8975
13.2737
12.992
12.2277
12.2817
12.3393
13.1342
12.5583
13.1422
12.702
12.9232
13.0543
12.6284
12.9259
12.3819
12.4559
12.7065
12.3937
12.181
12.4817
12.9995
12.707
12.526
12.9027
12.729
12.9531
12.5466
12.8263
12.5765
12.8558
12.8314
12.7767
13.0982
12.899
12.7969
12.9798
12.777
12.6733
12.9363
12.4839
12.7128
12.3627
12.7599
12.7618
12.9099
12.1814
12.8008
12.6231
12.8837
12.8263
12.65
12.7432
12.1992
12.5559
12.9497
13.2681
12.8556
13.0393
13.1308
12.3801
13.1441
12.8272
12.9112
12.2206
12.9279
12.8772
12.6291
12.7316
13.0033
13.0073
12.6386
12.2688
13.0602
12.8171
12.5404
13.0546
12.7952
12.5051
12.6686
12.8945
12.6761
12.7905
12.655
12.71
12.4513
12.7277
13.2209
12.7601
12.4314
13.0467
12.8213
12.5514
12.59
12.7551
12.3575
13.2148
12.6102
12.7277
12.6796
12.9876
12.8544
12.6956
12.8189
12.9638
12.8766
12.9711
13.1459
12.9472
13.1074
12.7552
12.778
12.9243
12.6382
12.8896
13.3709
12.8314
12.7802
13.2728
12.8143
12.7537
13.1316
13.1989
13.0276
13.1192
12.9924
13.0532
13.2698
12.995
12.7744
12.7778
12.821
12.7415
13.1525
12.6778
12.9993
13.0294
13.0545
13.0919
13.3199
13.1125
13.0229
13.1348
12.9211
13.218
12.9281
13.0591
13.1362
12.9545
13.2058
13.3567
12.6951
13.1252
12.8912
13.2291
12.5762
12.9312
13.2332
13.0476
12.4361
13.0706
12.9083
12.443
12.7715
12.8798
12.6444
13.0125
12.9467
12.8659
12.8646
12.9813
12.3472
12.5858
12.7983
12.6725
12.7527
12.7146
12.8274
13.1317
12.7652
12.7954
12.6355
13.0044
12.6817
12.34
12.7345
12.6834
12.8417
12.9351
12.7003
12.8201
12.264
12.8623
12.6874
12.8469
12.9059
13.33
13.1005
12.9357
12.4878
12.5958
12.8984
13.2362
12.9048
12.9445
12.61
13.017
12.2406
12.6687
13.0996
12.7526
12.6151
12.5232
12.5922
12.88
12.745
12.4625
12.7865
12.5482
12.92
13.0062
13.0642
12.7908
12.8524
12.7075
12.9452
13.0507
13.1155
12.65
12.7237
13.0005
13.0842
13.6169
13.1831
13.2314
13.063
13.0808
13.4288
13.3578
12.6845
13.3401
13.0869
13.1814
12.6607
12.9472
12.8118
12.6084
13.2041
13.2468
12.8466
13.0823
12.9102
12.9641
12.7995
12.7557
12.7423
13.2775
13.0575
12.8818
12.8959
12.9643
13.1196
13.0394
12.7373
13.0725
13.0428
12.6498
13.1354
12.8234
12.4749
12.6632
13.0984
12.8372
12.9638
12.8712
12.9367
12.8247
13.3006
12.9176
13
11.8417
12.6536
12.9195
13.2899
12.6799
12.8146
13.1506
13.2189
12.3785
12.7377
12.9076
13.1671
12.8743
12.4771
12.9075
13.1972
12.9371
13.2144
