28.6278
28.8434
28.7145
28.9558
28.5946
28.7754
28.8146
28.8958
29.1558
29.0628
28.8458
29.2607
28.7043
29.0073
28.4203
28.3884
28.8945
28.8228
29.3835
28.9841
28.8465
28.9198
28.82
28.6543
28.9429
28.7765
28.331
28.9359
28.8714
29.0317
29.074
28.5433
28.9938
28.9615
28.8264
28.7014
28.7644
28.8742
29.1133
28.9731
29.0251
28.6966
28.5208
28.8458
29.0518
28.7963
28.4557
28.6601
28.7975
28.8539
29.3136
28.8393
28.746
28.7451
28.7677
28.5562
28.6907
29.0218
28.7742
28.9979
28.8114
28.804
28.9572
28.8426
28.4133
28.6659
28.9942
28.9162
28.8119
29.0035
28.8384
29.0337
28.6482
28.974
28.7696
28.4984
28.8658
28.638
28.9133
28.56
29.0152
29.2081
28.8865
28.7637
28.516
28.9417
28.9545
28.659
28.898
28.9846
28.4989
28.933
28.6456
29.0901
28.9929
28.7753
29.1168
29.2907
28.8112
28.9121
28.9101
28.796
28.7028
29.2327
28.9389
29.0162
29.1114
28.9631
28.5087
28.4062
28.4787
28.5425
29.0425
28.8133
28.8253
28.8407
29.2237
28.7833
28.8252
29.1835
28.9661
28.8109
28.6702
28.8854
28.9584
29.2386
28.9699
28.7623
28.6395
28.6142
29.0103
28.6978
28.5592
28.8701
28.5033
29.0597
29.0607
29.1501
28.6278
29.1156
28.7492
28.6978
29.005
29.0257
28.8765
29.2386
28.8029
29.0675
28.9142
29.2419
29.1318
28.8825
28.9896
28.8914
28.589
28.4738
28.6414
28.507
28.3778
28.7926
28.7968
28.7895
28.5648
28.7616
28.7142
28.7544
28.9583
29.2354
28.7491
28.611
29.0291
28.7514
28.3629
28.5992
28.8232
28.6257
28.5055
28.856
28.789
29.0357
28.7445
29.1854
28.7174
28.449
29.0962
28.9925
29.2135
28.9664
28.5786
29.0061
28.2196
28.7036
28.8436
28.5894
28.93
28.9946
29.0279
29.35
28.9432
29.211
28.9999
29.091
28.761
28.7908
29.2724
28.8248
28.3546
29.18
29.2244
28.9826
29.1233
28.6374
29.1504
29.2624
28.9679
29.1398
29.1361
28.9762
28.7137
28.9623
28.7336
29.2849
29.0575
29.2545
28.775
29.0574
29.316
28.788
29.1228
28.8646
28.8124
29.1052
29.3638
28.9469
29.3535
28.8946
29.1122
29.0405
28.8673
28.8801
28.7985
29.1619
29.025
29.0574
28.6736
29.4014
29.0028
28.7158
29.1506
28.8721
28.789
29.186
29.0536
28.6506
28.9687
28.8549
28.4959
29.2559
29.1146
28.7174
28.7725
28.987
28.8523
28.7759
29.1109
28.941
28.8317
28.9448
29.5107
28.5656
28.6531
28.7026
28.9878
28.8215
28.6961
29.0525
29.0256
29.0972
28.7895
28.9285
29.3344
29.1013
29.0226
28.9317
28.7379
28.4935
29.0702
28.6224
28.9036
29.2786
28.9615
29.0813
29.3242
29.0254
28.9418
28.6622
29.2443
28.9682
28.826
29.0946
28.7721
28.5674
28.9713
28.7939
28.8152
28.8607
28.916
28.9091
29.2769
28.7728
29.2226
29.0142
29.1699
28.7258
28.6025
29.0069
29.0884
28.6646
29.1623
28.9704
28.7311
28.6693
28.8721
29.3108
29.1954
28.8216
28.593
28.8797
28.7571
28.4524
28.8228
29.0228
29.1302
28.5193
29.1931
28.913
29.0326
28.9266
29.1024
28.8675
28.7527
29.1217
28.4812
28.8672
28.7443
28.753
28.9873
28.7045
28.7483
28.9906
28.8303
28.9418
28.7619
29.1379
28.8819
28.6471
29.0532
28.9252
29.0082
28.3872
29.0383
28.6199
28.9257
28.9452
28.744
28.3419
29.0421
28.5256
28.9991
28.8396
29.0082
28.6402
28.9502
28.7194
28.7818
28.9441
28.7299
29.0838
28.9468
28.8175
28.8622
28.5783
28.776
28.8325
28.7623
28.9302
28.8848
29.1189
28.8121
29.067
28.5569
29.071
28.7401
29.1544
28.7921
29.0461
28.8405
28.7888
28.9011
28.9361
28.9843
28.5095
28.7789
28.8536
29.0008
28.6084
29.2152
29.1155
29.1587
28.9655
28.862
28.8725
28.6979
28.9212
28.7736
28.5269
29.0366
28.7507
28.9914
29.0985
28.8938
29.0604
29.0267
29.0289
28.7761
28.9327
28.66
28.8421
28.7166
28.9498
28.8158
28.5323
28.8852
28.9167
28.3536
29.2376
28.9964
28.7025
29.0305
28.8276
28.8892
28.7976
28.7497
28.8715
28.5765
29.1172
28.7875
28.2196
28.812
28.5507
28.5898
28.5655
28.756
28.9721
28.6295
29.3705
28.7478
28.6056
29.125
29.0267
28.3485
28.7873
28.9416
28.7312
28.7087
28.8231
29.0729
29.1248
28.8072
28.9692
28.7246
28.7922
29.0285
28.5076
28.7987
28.8146
28.5869
28.8807
28.5803
28.6843
28.4677
28.9472
29.0043
28.7866
29.0463
28.9879
28.6253
29.0993
28.9672
28.6018
28.7069
29.0189
28.8394
28.9746
29.0161
28.8521
28.7615
29.1168
28.7762
29.1942
29.08
28.909
29.1464
29.0618
28.9199
28.3723
28.5283
28.9498
28.6038
28.6048
28.9841
28.3731
29.3561
28.833
29.178
29.0206
29.0323
29.1513
29.1032
29.0555
28.7735
29.0327
29.1059
28.8705
28.9774
28.8507
28.8418
28.6828
28.6684
28.8318
29.2564
28.5214
28.8659
28.9555
28.9388
28.6956
28.5531
29.1648
28.6586
28.9814
29.0852
28.5969
29.2444
29.1545
28.6801
28.745
29.0649
28.7019
28.5595
28.9654
28.6302
28.592
28.8583
29.1238
28.7328
28.9792
28.9167
28.9493
28.9287
28.9852
28.7986
28.8197
28.91
28.5634
28.5228
28.8533
28.7253
28.9234
29.1084
28.9963
28.8194
28.5027
28.6473
28.9377
28.6961
28.9975
28.8904
28.984
28.9685
29.1437
29.0308
28.8612
29.3124
28.8076
29.1209
28.8208
29.1628
29.2884
28.8556
28.4561
28.7369
29.3683
28.6082
29.0417
28.8931
28.872
29.1935
28.6629
29.0216
29.1894
29.1462
29.0526
28.5974
28.9039
28.8899
28.7818
28.905
28.6149
28.9793
29.1326
28.8915
29.0516
28.6634
28.9871
28.9373
29.1249
28.4754
29.1263
28.9295
28.9417
29.196
28.7777
28.7513
29.2353
29.2361
28.9699
29.0648
28.4597
28.5626
29.0124
28.9445
28.4012
29.2097
29.045
28.5979
28.782
28.3736
28.7752
28.9278
28.6899
28.8697
28.6712
28.8682
28.7607
28.7949
29.0909
28.8257
28.8529
28.695
29.1042
29.0086
28.7011
28.9244
29.046
28.83
28.8207
28.9755
28.7144
29.3576
28.9714
28.7247
29.2618
28.7313
28.5663
28.9513
28.6219
28.9145
28.7426
29.0712
29.1559
29.0566
28.8202
29.0431
29.107
28.8481
28.8236
29.228
28.8761
29.0264
28.9728
29.04
28.8191
28.7157
28.9708
28.6493
28.9377
28.8413
28.6862
28.5857
28.9402
28.5965
28.3535
28.5822
29.2833
28.4642
28.5148
28.4189
28.9051
28.9702
28.8575
28.4855
28.6782
29.0819
28.7601
29.11
28.748
28.7955
28.7488
28.6076
29.149
28.2773
28.4961
28.551
28.6615
28.9554
29.2476
28.6728
28.6386
28.9191
28.8078
28.6164
28.8053
28.4864
28.8449
28.6552
28.4272
28.8836
28.951
28.8212
28.5828
28.5562
28.8333
29.3973
28.3953
28.8211
28.7942
28.7036
28.7671
28.969
28.4844
28.8514
28.6809
28.7131
28.8852
28.6601
28.7177
28.736
28.5611
28.904
28.9836
28.6524
29.0178
28.7235
28.3734
28.8409
29.1321
28.8993
28.3938
29.07
28.492
28.96
28.7715
29.5119
28.297
29.5389
29.0372
28.8012
28.473
28.8277
29.0904
28.7817
28.7756
29.0047
28.9024
29.1502
28.8794
29.1655
29.2865
29.1098
28.6322
29.1517
29.17
28.6647
28.7546
28.8459
28.4485
28.8194
28.9532
29.1015
29.0961
29.0531
28.7613
29.0015
28.78
29.1164
29.0361
28.6964
28.7616
28.7368
29.0508
28.7931
28.8074
28.9516
28.653
28.7202
29.0492
29.087
28.9479
28.9192
28.816
28.8909
28.9913
29.1324
28.948
29.0415
29.1397
29.1633
28.6211
29.2224
28.8727
28.8853
28.7825
29.0208
29.2213
28.3365
29.2228
28.9953
29.5742
29.0841
28.8854
29.0056
29.0738
29.0499
28.9681
28.9739
28.821
28.9518
29.3219
29.0778
29.0417
29.2218
29.205
29.2635
29.1092
29.128
28.6495
28.7961
28.5116
28.4214
28.9977
28.7682
28.6399
29.3287
28.866
28.6289
29.0564
28.5008
28.8988
29.1185
29.274
29.1082
28.7159
28.7311
29.5314
28.7651
29.1405
29.2761
29.1641
28.8486
28.9197
28.8822
29.1657
29.0178
29.0588
29.3382
29.0166
29.2285
28.8558
29.0409
29.2944
28.8085
29.0795
28.6229
28.8866
29.0614
29.4535
28.877
29.0644
29.1034
28.5969
29.055
28.854
29.0738
28.4179
28.6077
29.3468
29.0677
29.1078
28.9695
29.1926
28.913
28.7593
29.0095
29.218
28.8573
29.1313
28.5817
29.3303
29.1023
29.2872
29.0938
28.7488
28.8534
29.4105
29.3292
28.9177
28.8617
29.2109
29.1657
28.9058
29.1639
28.7563
29.2537
29.2829
28.8558
29.0781
28.6949
29.0552
29.029
29.2861
29.14
28.9832
28.9431
28.9367
29.4196
28.7756
28.7681
29.2242
29.0874
29.1831
28.879
29.1833
29.0831
29.0973
29.1054
28.9153
28.9211
29.0046
29.4204
28.9383
29.0199
29.07
29.4972
29.2423
28.8571
29.0799
28.9565
29.0165
28.9428
28.97
29.0726
28.7867
29.2276
29.0564
28.5185
29.0153
28.9654
29.099
29.2587
28.7744
29.0868
29.1625
29.1768
28.8401
29.1354
28.8821
29.009
29.183
28.7782
29.0323
29.1592
29.1574
29.0368
29.083
29.333
29.1707
29.0668
29.2996
28.9211
28.5958
29.0405
28.9396
28.9117
29.1089
28.868
28.6179
28.4719
28.9892
28.9429
28.879
28.9565
29.234
29.2064
28.8766
29.0705
28.888
29.0828
29.2548
28.8296
28.8087
28.9724
29.2221
28.9802
29.0992
29.0395
28.9219
29.1762
29.105
29.2623
28.7822
28.9829
29.2565
28.9495
29.3927
28.9036
29.0981
28.4967
28.6518
28.7382
29.3254
28.97
29.1238
28.8012
29.2675
28.6196
28.7146
28.934
28.9437
28.7222
28.5678
29.0296
28.9277
28.6525
29.0585
28.743
28.923
28.5956
28.4036
28.736
28.8527
28.7764
28.5738
28.8826
28.8039
28.6554
28.8696
28.8259
29.239
28.7016
28.4687
28.5623
28.2675
28.7768
28.8605
29.1178
28.9909
28.5852
28.5783
29.0126
28.6786
28.4254
28.5713
29.296
28.7965
28.647
28.7648
28.6676
28.1815
28.5442
28.8771
28.8014
28.4972
28.4841
28.8618
28.7954
28.5445
28.9756
28.5081
28.9122
28.9647
28.5973
28.4319
28.7691
28.4368
28.9079
28.9604
28.7559
29.0498
28.8425
28.896
28.5409
28.8859
28.5861
28.6661
28.8469
28.3647
28.7943
28.8047
28.8169
28.5551
28.8737
28.4626
28.5512
28.5015
28.6916
28.6679
28.854
28.5856
28.8899
28.9298
28.8187
28.6832
28.7417
28.8686
28.9561
29.0768
28.5845
28.9471
28.9956
28.7492
28.8381
28.9382
28.8288
28.9482
29.0157
28.609
28.8406
29.1508
28.9711
28.5846
28.8152
29.0175
29.3865
28.6347
28.6058
28.7812
29.0171
29.0118
28.822
29.0949
28.7004
28.9727
28.7654
28.7433
28.7662
28.7747
28.9609
29.1292
28.6668
28.748
28.9793
28.763
28.568
28.5762
29.0409
28.8241
28.6384
28.8859
28.809
28.8015
28.693
28.6352
29.1227
29.2687
28.601
28.4305
28.7289
28.8631
28.579
28.7671
29.1681
28.8521
29.1816
29.1505
28.8603
29.0088
29.183
29.0363
28.3326
28.8464
28.7492
29.0917
28.5906
28.8378
28.8466
28.8285
29.0229
28.6754
28.8636
28.5719
28.4039
28.6208
28.5797
28.9045
28.5462
28.8833
28.9895
28.6698
28.9398
28.8659
28.9387
28.5273
29.0806
28.7514
29.393
29.1347
28.8831
28.9254
28.9239
28.5284
28.5039
28.6889
28.7501
29.33
29.0658
28.5714
28.7511
29.2376
29.1239
28.7035
28.7318
28.772
28.5882
28.8555
28.7525
28.8934
28.9925
28.7995
28.9996
28.7899
28.6416
28.9425
28.3963
28.7695
28.4135
29.4381
29.2705
28.5353
28.7525
28.9468
28.762
28.4825
28.422
29.1521
28.8011
28.6621
28.6382
29.1135
28.7022
28.9484
28.5705
28.755
29.0856
28.869
28.9206
28.6294
28.6361
28.9421
28.7479
29.0139
28.5344
28.7229
28.6095
28.7584
28.5873
28.3564
29.2261
28.8475
28.7517
28.6123
29.0699
28.5262
28.7285
28.5919
28.9404
28.9769
28.6594
28.2512
28.6137
28.9399
28.4775
28.8119
29.2658
28.6197
28.6102
29.1113
29.0257
28.9701
29.071
29.1033
29.1346
28.9447
28.962
29.0911
29.0851
28.8571
29.27
28.8937
28.959
29.2446
28.9285
28.771
29.0188
29.055
29.0444
29.006
29.0336
29.1194
28.901
28.8574
29.1723
28.6638
28.8696
29.0767
28.8486
28.9141
28.9255
29.0308
29.3159
28.9147
29.2604
29.3539
28.8334
28.7031
28.7664
28.99
28.522
28.7707
28.9305
29.0326
29.257
28.7615
28.9659
29.1183
28.9707
29.2587
29.119
29.2779
29.2278
28.5057
28.8736
28.7613
29.0961
28.8826
29.1221
28.8858
28.9701
29.2201
28.7156
29.044
28.728
29.256
29.4099
28.8134
29.0635
28.9629
28.9297
29.3729
29.0188
29.2098
28.7164
28.5335
29.2093
28.4898
28.916
28.7171
28.8361
28.7937
29.2961
28.8695
28.875
28.7584
29.0706
29.1764
29.089
28.9349
28.8779
29.1708
28.6941
28.4711
28.6124
28.8125
28.8693
29.0792
28.6602
29.1366
28.7671
28.8545
29.0895
29.2494
28.9495
29.0736
29.0588
29.0956
29.2789
28.9576
29.2236
28.969
29.1062
29.1765
28.7077
28.8449
28.9146
28.6418
28.6786
29.1313
29.0225
28.6847
28.6866
28.4975
28.6406
28.9962
28.8507
29.0706
28.8402
28.721
28.6964
28.6473
29.0682
28.4263
29.0856
28.7066
29.4025
28.7693
28.7194
28.8541
29.1323
29.0328
28.9919
28.775
29.0976
29.233
28.658
28.8959
28.9251
29.0999
29.3204
28.9926
29.1307
28.963
28.8033
29.2663
28.7693
29.3424
29.1978
28.9209
28.9711
28.4894
29.1542
28.8451
29.0261
29.1877
28.9832
28.7491
28.7483
29.0286
28.7188
28.5977
28.8132
29.1526
28.6122
28.7259
28.5264
29.2251
28.6085
28.6977
28.8593
28.8078
28.5666
28.093
28.9695
28.8487
28.4635
28.6272
28.8398
28.8505
28.4138
29.1861
28.8304
28.8143
28.7909
28.8325
28.85
28.3747
28.9299
28.9595
28.8891
28.6442
28.9982
28.7354
28.3859
28.3347
29.012
28.6485
29.1108
28.5566
28.8952
28.5842
28.6329
28.6417
28.3724
28.7273
28.8663
28.8888
28.8188
28.9234
28.7445
28.6762
28.746
29.0175
29.134
28.9033
28.4903
28.6402
28.8202
28.6888
28.8206
28.759
28.7171
28.7819
28.7747
28.5849
28.7347
28.9985
28.6991
29.1456
28.8619
28.9151
28.9528
28.6924
28.5655
28.8607
28.4851
28.6285
28.7471
28.8088
28.7738
28.99
28.9778
28.8843
28.8649
29.2188
28.6761
28.8972
29.0361
28.5865
28.9107
29.0902
29.3364
28.6684
28.8612
28.7744
28.9886
28.8599
28.7163
29.153
28.866
29.1508
28.923
28.9477
28.5948
28.9515
29.0044
28.8797
29.0995
28.7047
29.1028
28.8125
28.5709
28.8571
28.8832
29.0003
28.9554
28.568
28.8483
28.9439
28.8056
28.74
29.078
28.8346
28.9242
28.734
28.5657
28.6644
28.8108
28.8174
28.7023
28.6807
28.5916
28.7713
28.8024
29.0229
28.8682
28.9679
28.5996
28.6784
28.645
28.7785
28.4678
28.9523
28.618
28.823
28.8382
28.9785
28.8421
28.9653
28.9251
29.0467
28.904
28.7325
28.8444
28.8484
28.6714
29.1241
28.5692
29.0133
28.8725
29.119
28.7565
29.259
29.3286
29.1649
29.4117
29.4045
28.8271
28.7832
28.6858
29.0668
29.3373
29.0862
28.663
29.4176
28.7562
29.0505
28.9823
28.8142
29.1203
29.017
29.1032
28.8796
29.3856
29.0205
29.0639
29.4379
29.3173
29.169
28.831
29.2601
28.9041
29.1554
29.2891
29.0476
29.3254
28.8268
29.0103
29.2604
28.6128
28.7247
29.0011
29.2455
28.6951
28.941
29.2244
29.3184
29.1872
28.824
29.2972
29.603
29.5293
28.7417
29.4876
29.2393
29.2488
29.1945
29.1259
28.7919
28.9266
29.1579
28.7655
29.0208
28.7524
29.144
29.2668
28.5731
29.0323
29.1325
29.3113
29.019
29.2074
28.9886
28.8709
28.9977
29.2137
28.7612
29.2233
28.624
29.0137
29.1271
28.8808
28.9323
28.8009
29.0588
29.5025
29.3492
28.9598
29.0858
28.9714
28.6856
28.9055
29.0936
29.166
29.1536
28.8578
28.9806
29.3743
28.9593
29.2077
28.8604
29.1888
29.0362
29.5107
28.6217
29.3076
29.0798
28.6485
29.1414
28.9802
28.989
28.9801
28.954
29.5396
29.3401
29.2118
29.045
28.5906
28.7386
28.6696
29.1182
28.6459
29.4559
29.0224
29.0584
28.3966
29.2734
29.1098
29.0293
29.0313
28.9784
28.9201
29.0129
29.3179
29.1416
29.4831
29.4241
29.4684
29.0463
29.1551
29.0069
29.0787
28.8344
29.0761
29.2154
29.2668
29.0176
28.7686
29.2758
29.0044
29.0805
29.1688
29.1503
29.0622
28.7784
29.006
28.587
29.2676
28.986
29.0028
29.5078
29.269
29.0515
29.0128
28.6097
29.3147
28.8034
28.5508
28.7025
28.509
28.9387
28.5776
28.9222
28.5607
28.9829
28.8238
29.2415
28.7116
28.6663
28.8552
28.9635
28.6852
28.7755
28.3902
29.0971
28.3842
28.6563
28.6848
28.3872
29.0133
28.6672
28.6259
29.0039
29.332
28.8507
28.5409
28.8674
28.7706
28.2954
29.2338
28.4142
28.4897
28.9083
28.6583
28.6238
28.7169
28.8933
29.1812
28.5071
29.2559
28.8351
28.3878
28.8028
28.6504
29.0672
29.2295
28.5488
29.0641
28.9389
28.7655
28.5223
28.9893
28.5351
28.4485
28.8764
29.0073
28.6216
28.973
28.7048
29.233
29.0489
28.7735
28.9152
28.1548
28.6686
28.6752
28.2456
28.9149
29.2189
29.0786
28.7749
28.6739
29.197
28.9154
28.7905
28.6556
28.6114
29.4751
29.2388
28.7659
28.8692
29.2442
28.8081
29.0502
29.1724
28.7122
29.0617
29.2334
28.7271
28.9248
29.0018
28.7626
28.969
28.7487
28.6983
29.0767
28.5745
29.0715
29.1392
28.5632
28.7372
29.3367
29.0873
29.0744
29.1462
29.0003
28.6349
28.8169
29.1466
28.8349
28.7648
28.8424
28.5566
28.9239
29.1648
28.8502
28.9866
29.272
28.916
28.6313
29.0863
28.8083
29.2747
29.0423
29.1706
28.8061
28.7956
28.6201
28.5498
28.7867
28.9139
29.0854
29.1026
28.9068
28.8769
28.9325
28.7286
29.2329
28.714
28.8066
29.3498
28.8396
29.078
28.8897
29.2253
28.9484
29.1037
28.8604
29.1237
29.0288
29.2139
28.7094
28.6787
29.0192
28.7894
28.7856
29.0124
29.0414
28.6663
28.9288
29.0405
29.2157
28.7954
28.7975
28.8846
29.2658
29.06
29.0957
29.0879
28.8121
29.4234
28.5949
29.099
29.0201
28.8373
28.6222
29.023
29.1058
28.8837
29.2085
28.764
28.8356
28.6831
28.8003
29.0684
28.6553
28.8589
29.0728
28.6171
28.6035
28.7397
28.6188
28.7978
29.0057
29.1032
29.2801
29.1185
28.9836
29.0814
28.9775
29.1221
28.9637
28.9365
29.1853
28.6631
28.7214
28.9134
28.8579
29.1011
29.1947
28.724
28.963
28.6248
29.0212
29.1897
28.8917
28.8608
28.7742
28.922
28.8631
29.0502
28.6345
29.1167
28.7939
28.8241
28.7287
28.9535
28.7925
28.8085
29.4316
28.9727
29.3223
29.244
28.9132
29.1581
28.9631
28.8697
29.3531
28.8635
29.1752
29.0825
28.6624
28.8107
29.3643
29.2545
29.0011
29.2529
29.1887
29.1785
29.4039
28.7161
28.8407
28.8769
29.161
29.0577
29.2162
28.7416
28.5229
28.7556
28.4049
29.0998
28.6274
29.1069
28.9558
29.2116
28.7221
28.906
28.4164
28.6718
28.8699
29.183
28.8528
28.9628
28.7292
29.1875
29.3282
29.2476
28.7516
28.8692
28.6126
29.1594
28.9421
28.9324
28.7395
29.1988
29.0461
29.0204
28.9014
29.0746
29.0672
29.2894
29.2379
28.9585
29.0569
28.6852
28.9741
28.9799
28.9766
28.7656
28.8067
29.0647
28.9785
28.9317
28.5429
28.8733
28.5518
29.2464
28.4843
28.7574
28.7305
28.7641
28.3675
28.9517
28.9331
28.8855
28.6727
28.6395
28.5918
29.1497
28.4446
28.8503
29.0594
28.4933
28.8937
28.7841
29.0604
28.7182
28.3043
28.9084
29.1265
29.3167
28.8755
28.6992
28.7683
28.8141
29.1394
28.6899
28.5562
28.6072
28.6722
28.4595
28.6505
28.9801
28.652
28.8364
28.5128
28.7953
28.5577
29.1947
28.7278
29.08
29.3447
29.0177
28.8805
28.6446
28.7504
28.8838
28.5707
29.0078
28.691
28.7757
28.7405
29.0239
28.9284
28.9704
28.8582
28.542
28.7228
28.7003
28.6193
29.1044
28.7929
28.7232
28.8134
28.6061
28.9153
28.6482
28.7635
29.0073
28.8801
28.9747
28.7681
29.1686
28.9636
28.5925
28.7289
28.6647
28.5913
28.6534
28.9313
28.489
28.6885
28.7494
28.7033
28.9353
28.8806
28.9933
28.8888
28.3764
28.9144
28.4253
28.4926
29.0947
28.8052
28.7007
28.9048
29.0481
28.567
28.2296
28.7933
28.6013
28.8571
28.9464
28.3227
28.445
28.6411
28.8111
28.7439
28.6436
28.9251
28.7212
28.5202
29.144
28.4921
28.8397
28.6263
29.0115
28.7
28.8682
28.3628
28.769
29.2347
28.7021
28.7116
28.471
28.7563
28.8566
28.8364
29.0907
28.9783
28.5158
28.9407
28.3818
28.6619
28.564
28.6264
29.0721
28.3402
28.7099
28.7171
28.8896
28.8834
28.9808
28.9747
29.095
28.6418
28.8391
28.6893
29.0866
28.8691
29.061
28.9131
29.0446
29.0971
29.087
29.1433
28.9147
28.9584
28.9591
29.1499
28.7141
28.8917
28.4692
28.7565
28.2341
28.715
29.293
28.9021
28.8613
28.1397
28.2991
28.7875
28.9639
28.6796
28.7774
29.0906
28.6097
28.4336
29.1088
29.2721
28.625
29.0515
28.9019
28.4297
28.535
28.8802
28.7095
29.0514
28.7588
28.9064
28.7222
28.877
28.7448
28.8186
28.5288
28.6026
28.4733
29.0722
28.6647
28.3169
28.6182
28.5881
28.6473
28.8152
28.9673
29.0379
28.8423
28.4903
28.4037
29.1682
28.5659
28.932
29.0487
29.2519
28.8991
29.5039
28.9086
28.7152
28.7897
28.6159
29.0332
28.8229
28.9245
28.6217
28.8102
29.0677
28.7047
29.0001
28.8496
28.926
28.8462
28.5591
28.6097
28.1387
28.6799
29.1986
28.1996
28.676
29.2273
28.7289
28.4783
28.5845
28.9702
28.8503
28.7179
28.784
28.5079
28.7224
28.8364
28.9045
28.8033
28.7733
28.4036
28.8266
28.4874
29.0143
28.3587
29.1245
28.7434
29.0949
28.9021
28.8906
28.8808
28.8285
28.4751
28.3211
28.5485
28.5405
29.2663
28.8238
28.692
28.7713
28.3104
28.6276
29.0728
28.958
28.7023
29.0473
28.7399
28.7661
28.48
28.4495
28.8471
29.1069
28.8976
29.3226
28.7604
28.7179
28.8348
28.8713
28.9434
29.185
29.0673
28.7442
28.8978
28.9554
29.0005
28.9113
28.9532
28.8899
29.1887
29.2506
28.5437
29.4819
29.2906
29.0746
28.9893
28.6711
29.3367
29.0003
28.6394
28.8718
28.9497
28.8002
29.1417
29.1967
28.9453
28.6926
28.8053
28.96
28.8178
29.2576
29.2306
29.1598
29.1049
29.231
28.8583
28.8383
28.774
29.3924
28.9818
28.8564
29.1204
28.877
28.9535
29.1414
28.6637
28.7389
29.3086
28.9802
29.2836
29.212
28.5279
29.2292
29.1787
29.48
28.7543
29.0742
29.2831
28.8039
28.7859
28.8326
29.1128
28.7825
28.8338
28.8918
29.2595
29.4109
29.1553
29.0163
28.8135
29.0336
28.8238
28.9641
28.9424
28.9396
28.8829
28.8678
28.8713
28.7213
29.4461
29.1978
28.9041
29.2034
28.9842
29.0012
29.2725
28.7469
29.3786
29.3929
28.9213
29.0988
29.0204
28.8607
28.8046
29.0358
28.86
29.133
29.1554
29.2123
28.8646
29.1164
28.6599
28.8338
28.9362
28.732
28.9568
28.5398
28.661
28.8541
29.2046
29.3421
28.6493
28.9614
28.9619
28.784
28.7616
28.5366
28.8778
28.7623
28.6461
28.8829
28.9496
28.9601
28.8073
29.0136
29.1494
28.791
29.1665
29.0573
29.0057
28.8889
28.793
28.776
28.7128
29.0343
28.9315
29.0291
29.0849
28.6629
29.1454
29.0773
28.7513
28.7481
28.868
28.6256
28.5342
28.6593
28.324
28.6591
28.7091
28.5428
28.7399
28.685
28.5134
28.6987
28.5109
28.6
29.1355
28.9406
28.668
28.1034
28.5848
28.7372
28.5455
28.7511
28.6892
28.9049
28.5953
28.485
28.669
29.1327
28.7427
28.6714
29.0544
28.8347
28.592
28.5668
28.9421
29.0224
28.5878
28.9389
28.7198
28.6408
28.7519
28.2749
28.4896
28.675
28.5611
29.0405
28.6882
28.8165
28.6436
28.6594
28.6598
28.8208
28.8661
28.7683
28.8685
29.0543
28.7927
28.7283
28.3808
28.8564
28.2261
28.8033
28.5845
29.3279
28.8235
28.6121
28.5596
28.9742
28.5865
28.9785
28.7939
28.7425
28.8461
28.7901
28.5688
28.9722
29.0202
28.323
29.1335
28.8481
28.5538
28.4786
28.7291
28.8212
28.8745
28.7726
28.8998
28.619
29.2326
28.7906
28.3662
28.786
28.3991
28.6214
28.558
28.5867
28.8367
28.891
29.2104
29.0401
28.7177
28.6883
28.4449
28.9386
29.1671
28.8738
28.3507
28.6794
28.7523
28.518
28.5411
28.6874
28.8452
28.9059
28.7497
28.6857
28.6145
28.7476
29.2345
28.584
28.8175
28.6044
28.6362
28.4499
28.556
28.3417
28.4769
28.8906
28.8749
29.183
29.0642
29.0277
29.0624
28.6847
28.787
28.9076
28.7945
28.6874
29.1245
28.992
28.7251
28.891
28.9033
28.9851
28.8893
28.8884
28.7723
28.3604
29.1372
29.3864
28.6496
28.5461
28.9064
28.5252
28.7894
28.8744
29.082
29.1013
28.9507
28.8731
28.6641
29.1219
28.9444
28.8006
28.7498
28.9106
28.8276
28.561
28.6526
28.7378
29.0774
29.1341
28.7054
28.6252
28.6076
28.8344
29.1497
28.6969
28.5893
28.9463
28.9416
29.155
28.7659
28.8998
29.0826
29.1326
29.0568
28.8581
28.8383
28.9702
28.7354
28.6551
29.118
28.4563
28.9616
28.9695
28.8226
29.019
28.8469
29.018
28.6987
28.8696
28.7126
28.4987
29.1914
28.8856
28.9831
29.5113
28.9987
28.826
29.0453
29.0482
28.7791
28.5707
29.3367
29.2529
29.147
28.9056
28.7696
29.0578
29.0345
29.2517
28.5814
28.8958
29.1157
28.7501
28.8563
28.9167
29.1424
28.6801
29.2165
29.3458
28.7625
28.5672
29.354
29.0845
29.0481
29.3612
29.1382
28.891
29.2036
29.4496
29.4107
28.8567
28.841
29.1507
28.9856
28.4515
29.0204
28.9807
28.9562
29.0925
28.9414
28.8511
28.93
29.057
28.8654
28.8594
29.4699
29.0285
28.8841
28.744
29.0821
29.0963
29.1825
29.0428
28.708
28.7654
28.9091
29.1235
28.5478
29.1114
28.9598
29.3475
29.375
29.2467
29.2431
29.1788
28.9083
29.2415
29.1623
29.2136
28.9205
29.1144
29.163
28.5074
28.7622
29.1541
28.6052
29.0687
29.3699
28.5457
29.0743
29.1361
28.673
28.5634
29.1307
29.077
28.7255
29.2361
29.3966
29.0934
29.278
29.0111
28.9348
28.9453
28.7076
28.7933
28.7886
28.8258
29.0037
29.2412
29.0681
29.0279
29.0322
29.3626
29.1474
28.9596
29.3639
28.6492
28.8652
28.7871
29.0363
29.1469
29.0523
28.935
29.1201
29.1841
29.0292
28.5979
28.9331
29.3614
28.6428
28.6478
28.6246
29.1322
28.5993
28.7726
29.2409
28.2746
28.6017
28.6118
28.3363
28.6508
28.7086
29.0282
28.5969
28.543
28.2975
28.5222
28.964
28.8446
28.8017
28.7962
28.5722
28.8461
29.2594
28.8757
29.0051
28.6201
28.8179
28.6081
28.5741
29.2614
28.7202
29.1431
29.155
28.9193
28.9802
28.5881
28.7987
28.5026
28.9637
28.6829
28.7025
28.6032
28.4803
28.5669
29.031
28.7091
28.8848
28.6655
28.8021
28.7591
28.4982
28.5892
28.8558
28.9915
28.2751
28.8105
28.945
29.3402
28.751
28.7808
28.856
28.3887
29.0522
28.5505
28.719
28.5362
29.265
28.9124
28.6145
29.0776
28.8108
28.6618
28.9964
28.8829
28.8496
28.0426
28.9669
28.4278
28.7237
28.7238
28.7345
28.7235
28.5553
28.0859
28.7419
28.7436
28.6112
28.6016
28.5971
29.4142
29.3084
28.6775
29.0278
29.0059
28.5277
29.3058
28.9845
28.6778
29.1965
28.6883
29.0972
28.7746
29.0192
28.9258
28.8434
28.771
28.5075
28.7989
28.9452
29.0946
28.7558
28.6815
28.8673
28.7069
28.4632
28.6887
29.2416
28.6813
28.7824
29.0313
28.8939
28.7832
29.1
28.7434
28.839
28.6798
29.0375
28.2826
28.8359
29.0964
28.3743
28.5437
28.8743
28.5131
28.5678
29.1786
29.0725
28.4992
28.7406
28.6503
28.6403
28.7409
29.1971
28.839
29.129
28.6323
28.76
28.7682
28.7348
29.1921
28.5037
28.9525
28.6858
28.5312
28.8797
28.7837
28.745
29.1673
28.975
28.7719
28.7671
28.5427
28.5527
28.4309
28.5546
28.8809
28.8452
28.7094
28.768
28.8035
29.1042
28.9379
28.7922
28.6193
28.4375
28.7341
28.6434
28.4866
28.8071
28.4306
28.6459
29.015
28.9515
28.8705
28.9258
28.7706
28.8316
29.1043
28.8155
28.9077
28.9862
28.7152
28.7484
28.9026
28.7607
28.9714
29.2061
28.9636
28.9521
29.1105
28.7806
28.9656
29.1952
28.5357
28.9084
29.1025
28.6958
28.6674
28.8713
28.702
29.0397
29.0719
29.2233
28.7729
28.9538
28.9004
28.7025
29.3097
29.2768
29.3274
28.6631
29.0882
28.8413
28.7959
28.8108
28.7961
28.5761
28.5744
29.1041
28.7957
29.0287
28.8663
29.1692
29.0773
28.8905
28.8758
28.8174
28.9865
28.6551
29.0803
28.7866
28.9032
28.9456
28.8471
28.7771
28.6669
28.7387
29.0645
29.2857
29.2783
29.0636
28.3781
29.199
28.2259
28.4329
28.5568
29.1171
29.3226
28.7778
28.7742
28.9039
28.8975
28.704
28.7003
28.5687
28.4209
28.7919
28.5964
28.362
28.5272
28.9294
28.8023
28.8284
28.9223
28.4064
29.0059
28.6566
29.2172
28.6402
28.7783
28.6092
29.0585
28.924
28.635
28.876
28.5955
29.0386
28.4534
28.7114
28.8173
29.1408
28.8569
28.9856
28.9811
29.0166
28.8008
28.5236
28.854
28.6168
28.745
28.51
29.0835
28.5366
28.8453
28.6745
28.848
29.0463
29.0067
29.1931
28.6067
29.0364
28.8622
28.8517
28.7677
29.476
29.2625
28.9714
29.1794
28.8152
28.7161
28.8328
29.0356
29.1005
28.8844
29.574
28.8299
28.4928
29.036
28.9258
29.0126
29.2949
29.3705
28.9472
28.7478
28.8377
29.0339
28.8245
29.281
28.8934
29.2147
28.9575
28.9092
28.8591
29.1104
29.2804
28.9903
28.6051
28.8863
29.1403
29.419
28.9222
29.4454
28.854
29.2278
28.9353
28.6572
28.8046
28.7287
28.8689
29.1148
29.1986
29.2569
29.149
29.1385
28.6879
29.009
28.8601
28.7826
28.3135
28.4881
28.5664
28.1856
28.7024
28.9841
28.5089
28.4598
29.1701
28.7088
28.7819
29.0189
28.4958
28.5229
29.1205
28.5198
28.5235
28.8278
28.5323
28.5686
28.514
28.8453
28.5709
28.6497
28.9729
28.2356
28.7203
28.848
28.5098
28.8825
29.1011
28.7081
28.4637
28.6176
28.622
28.6567
28.4322
28.5478
28.4235
28.8712
28.3228
28.7344
29.0084
28.7421
28.6959
28.419
28.5009
28.6656
28.7405
28.2641
28.5042
28.8702
28.4546
28.7043
28.4925
28.8928
29.2587
28.9348
29.1749
29.0379
28.459
29.2183
29.0083
28.5285
28.3905
28.7648
28.7869
29.354
28.7399
29.2832
28.7866
28.597
28.6334
28.1007
28.4415
29.0648
28.5478
29.0156
28.9496
28.9885
28.6342
29.0984
29.1464
29.409
29.1913
29.2475
28.8752
29.134
28.7797
29.0548
28.9462
28.6853
28.7159
28.7656
28.935
28.7197
28.7666
29.0737
28.9385
28.9083
28.7101
28.7308
28.9319
28.7884
29.1668
28.9937
28.8877
28.7127
29.2074
29.1745
28.8763
29.0368
29.1576
28.8798
29.1289
28.6552
28.477
29.0069
29.5449
29.1189
28.7921
28.9983
28.7654
28.9093
28.9871
29.0276
29.2037
28.9085
28.6343
28.5379
28.3855
29.1206
29.166
28.7889
29.3191
28.937
29.0487
28.8133
29.086
29.0597
28.757
28.9762
29.0704
28.6862
29.0018
28.7678
28.6851
29.0262
28.8082
29.0503
28.7626
28.4747
29.0553
28.8036
29.0931
28.8453
28.9055
28.889
28.6017
28.8376
28.7899
28.78
28.665
28.6838
29.248
29.1435
29.3611
28.8352
28.7126
29.0074
29.0456
28.7273
29.0933
28.9126
28.8913
28.8559
28.9442
29.0779
28.8962
28.7869
28.5493
28.9132
28.8153
28.5687
28.8158
28.9801
28.8718
28.6358
28.9658
28.8352
28.6898
28.5399
29.3423
28.6867
28.9341
29.0102
29.5721
28.4901
28.9457
28.8014
28.9319
28.7777
29.086
28.8334
28.7482
29.0172
28.917
29.2606
28.7311
28.8894
28.671
28.8811
29.0923
28.9292
28.9194
28.5401
28.8571
28.7169
29.0036
29.2485
29.0865
29.1438
28.735
28.9398
29.1087
29.0303
29.013
29.246
28.7292
28.7496
28.6301
28.641
28.8776
28.7427
28.9988
29.2169
28.9399
28.762
28.8852
28.9013
29.0911
29.0935
29.2276
28.8981
28.847
28.5248
28.8685
28.787
29.0612
29.0848
29.2242
28.9076
29.1379
28.9228
29.0417
29.0267
28.9415
29.0593
28.8449
29.0203
29.1447
28.9137
29.1292
28.8316
29.1527
28.8413
28.784
29.2186
28.6991
28.6895
29.0491
28.8584
28.779
28.5783
28.7941
28.8156
28.7009
28.4921
28.5247
28.4387
28.988
28.912
28.4561
28.6702
28.6075
28.671
29.0334
29.0533
28.8478
28.7869
28.4022
28.3864
28.7756
28.7266
28.7695
28.742
28.6875
28.8045
28.563
29.3015
28.6879
28.8902
29.0147
28.8437
29.0563
28.9273
28.8554
28.6702
28.7986
28.3847
29.1078
28.5925
28.5646
29.052
28.7862
28.8112
28.943
28.4576
28.4899
28.6509
28.7163
28.6895
28.2737
28.5283
28.2195
28.9839
28.6277
29.1167
28.8288
29.0392
28.5125
28.9088
29.2711
28.8831
29.0075
28.3282
28.363
28.5527
28.415
29.0615
28.6634
28.9008
28.8176
28.5075
29.1226
28.6671
28.7661
28.9987
28.9045
29.0742
28.7018
28.5866
28.9257
29.0047
29.2472
28.6167
28.9431
28.986
28.9288
28.4195
28.6974
28.8526
28.9757
28.6839
28.4543
29.1227
28.9604
28.9098
28.7745
28.9364
29.0926
28.5329
28.7639
28.9283
28.2451
28.8499
28.5963
28.7836
28.9407
29.0348
28.4997
28.4468
28.494
29.0395
29.1846
28.6396
28.856
28.4352
28.7348
28.9847
28.805
28.9872
29.2766
28.5968
28.9136
28.9491
29.021
28.4544
28.6117
29.1984
28.492
28.3208
28.7193
28.8034
28.4521
29.1506
28.8764
28.9125
28.7643
28.9592
28.8604
28.7505
28.4407
28.907
28.8093
28.9905
29.0566
28.5276
28.4323
28.7052
28.8327
28.7419
28.8391
28.551
28.6009
28.7746
28.8036
28.4324
29.0944
28.8299
28.595
28.812
28.4749
28.8905
28.3777
28.5951
28.814
28.5565
28.4151
28.5627
28.4604
28.4895
28.6177
28.2364
28.1486
28.6243
28.6715
28.5753
28.1768
28.6642
28.7787
28.4959
28.6273
28.6862
28.8011
28.6788
28.6591
28.2907
28.6423
28.3443
28.527
28.3481
28.5375
28.7721
28.9503
28.4135
28.6304
28.9674
28.9053
28.5436
28.4772
28.8791
28.6684
28.7211
28.2999
28.4553
28.5863
28.4186
28.3273
28.2325
28.6536
28.6759
29.2632
28.6919
28.7349
28.96
28.5953
28.9851
28.8855
29.1434
28.633
29.2927
29.0313
28.4419
28.8045
29.2655
29.0691
29.1569
29.0861
29.0088
28.7461
28.9087
29.0608
29.2152
29.4923
28.8382
28.929
28.9402
29.0062
28.8328
28.6891
28.7177
28.8986
29.0989
28.4718
28.2689
29.0275
29.3956
29.313
28.6299
29.2271
29.4157
28.9645
28.4956
28.6708
28.9181
28.5635
28.5655
28.8079
28.8237
28.7929
29.351
28.8117
28.6353
29.1009
29.1122
29.363
29.0972
28.9433
29.0013
28.5482
29.2109
29.2908
28.6477
28.8932
28.468
29.2197
29.6403
28.8708
29.331
28.9245
29.146
29.2857
28.7558
28.7174
28.8729
28.7796
28.8949
28.7883
28.9769
28.9825
28.7248
29.1752
29.1177
29.0778
28.972
29.398
29.2003
28.7489
28.7768
29.0483
29.2416
28.7478
29.2361
28.4013
28.8399
29.4766
29.1578
28.7425
28.8469
28.8911
28.6881
29.0396
28.8934
28.7285
29.1021
29.0959
29.0018
28.5039
29.0895
28.8265
29.0106
29.1054
29.2806
28.9228
28.3423
28.942
28.7936
28.8861
28.7536
28.9461
28.6186
28.9425
29.2363
29.1784
29.0477
29.1225
28.9538
28.7374
28.7742
28.6269
29.1447
29.0282
28.4865
28.9275
29.3412
28.8737
28.9952
28.8907
28.7591
29.1073
28.744
29.0738
28.9442
28.9827
29.2412
28.4893
28.9541
28.2897
28.4888
28.5748
28.8503
28.9281
28.6167
28.9236
28.6813
28.6474
28.6487
28.8606
28.6343
28.6584
28.6076
29.072
28.5498
28.9749
28.995
28.4733
28.6757
28.6594
28.8989
28.76
28.6586
28.5507
28.3177
28.5553
29.0332
28.6593
28.4112
28.8768
29.0693
29.0628
29.2137
28.7979
28.9382
28.6047
28.6417
28.9715
28.6186
28.7266
28.6962
28.7574
29.0415
28.664
28.6268
28.6077
28.4674
28.6339
28.802
28.6675
28.6263
28.8842
28.7525
28.7914
28.8113
28.6054
28.7604
28.7373
28.6724
28.8473
28.805
28.4536
28.7167
29.1276
28.9557
29.0689
28.2818
28.5446
28.3953
28.7804
28.6765
28.4926
28.7001
29.1429
28.567
29.1858
28.6202
28.6931
28.6082
28.5573
28.6292
28.4275
28.7353
28.6527
28.7893
28.9276
28.7856
28.8517
28.4543
29.0013
28.3807
28.6407
28.5824
28.3568
28.0229
28.7862
28.9783
28.5939
28.9934
29.0486
28.7388
28.3346
28.5437
28.8295
28.684
28.8483
28.5938
28.5683
28.7551
28.5587
28.8154
28.381
28.6375
28.6442
28.5809
28.4112
28.2919
28.5914
28.9865
28.9594
28.6567
28.6734
28.6333
28.6245
28.6886
28.2886
28.5049
28.7764
28.3572
28.4269
28.8605
28.8374
28.6083
28.6623
28.5825
28.84
28.4353
28.5006
28.8936
28.8766
28.7113
28.4829
29.0373
28.8024
28.4437
28.9523
28.8336
28.7786
28.8781
28.3945
28.7485
28.4351
28.7854
28.2199
28.6147
28.6932
29.0788
28.9114
28.6597
28.65
29.0463
28.9773
29.1237
28.2983
28.6382
28.5724
28.8756
28.7237
28.8663
28.7448
28.5756
28.8354
28.8891
28.915
28.8341
29.1377
28.8175
28.9105
28.8631
28.5742
28.8115
28.5612
28.9037
29.0885
28.9436
29.1112
28.7997
28.905
28.8003
28.9658
28.8276
28.6753
28.8153
28.7934
28.9077
28.873
28.6562
28.7403
28.8039
29.3249
28.6474
28.7574
29.0017
28.6486
29.5669
29.1611
28.8563
29.0705
28.8796
28.911
28.7715
28.9183
29.0084
28.659
29.0675
28.9466
29.0415
28.7388
28.596
28.5593
28.6735
28.4286
28.8143
28.8315
28.2718
28.8316
28.8976
28.6882
28.9269
28.8332
28.7062
29.1662
28.7489
28.8008
28.6264
29.0009
29.0131
28.8201
28.4553
29.0434
28.8828
28.5742
28.8677
28.7027
28.6
28.514
29.041
28.9605
28.846
28.5029
28.7756
28.8838
28.9066
28.757
28.7798
28.7731
29.0843
29.0477
28.7974
28.6043
28.3446
29.1855
28.7832
28.7681
29.0478
28.8199
29.0066
28.6323
28.8422
28.7356
28.8817
29.1313
28.6989
28.7008
28.5868
28.6584
28.7232
28.8234
28.5681
28.4004
29.1554
28.6192
28.5262
29.0207
28.836
28.89
28.6905
28.7372
28.5755
28.4881
28.6767
28.5311
28.9653
28.5003
28.3643
28.7745
29.0487
28.8217
29.0765
28.7811
28.7724
29.1444
29.0661
28.8426
28.8415
28.873
28.3799
28.977
29.0218
28.9079
28.9967
28.9615
28.7083
28.7033
28.3873
29.1507
28.9468
28.7081
28.9196
28.7938
28.9158
28.6259
28.9317
28.7816
29.0025
29.0778
28.891
28.9772
28.7912
28.6633
28.623
28.9498
28.5612
28.9904
29.189
28.7486
29.2129
28.6163
29.0139
29.1279
28.515
28.5006
28.9096
29.0054
28.463
28.9402
28.5804
28.9795
28.7927
28.6669
28.5429
28.8045
28.7614
29.0424
28.3754
28.7501
28.6096
29.0259
28.6825
28.6841
29.0313
28.8176
28.9513
28.7659
28.2528
28.9164
28.3712
28.7662
28.4361
28.7181
28.6164
28.3907
28.6214
28.7412
29.0495
28.775
28.4531
28.4809
28.4387
28.8815
28.2217
28.7299
28.4611
28.1412
28.6648
29.0158
28.7331
28.6062
28.7152
28.6357
28.6443
28.551
28.5633
28.9547
28.9294
28.5588
28.441
28.8747
28.521
28.8996
28.6402
28.8907
28.6949
28.6594
28.3656
28.4071
29.1052
28.4721
28.48
28.6306
28.6018
28.7809
28.9409
29.0122
28.5017
29.0451
28.9508
28.8995
28.7258
28.3238
28.8696
28.8388
29.0839
28.9141
29.1696
28.7978
28.606
28.69
28.8584
28.7938
28.8963
28.7037
28.7103
28.9194
28.8788
29.1515
28.7527
29.4665
28.8437
28.5396
28.6536
28.4588
28.7811
28.8191
28.8925
28.9538
29.1647
28.8598
28.9847
28.746
28.689
29.0443
28.7215
28.8839
28.6413
29.1803
29.1578
29.0553
28.6096
28.9721
28.8403
28.4314
28.5131
28.877
28.9508
29.0641
28.8471
28.6757
28.7402
28.8312
28.7891
28.7514
29.1723
28.7344
28.8216
28.8595
28.6248
28.8647
28.7538
28.9613
29.3628
28.9282
28.9146
28.5858
29.2569
28.9859
28.4181
28.8843
29.0378
29.081
28.8319
28.9702
28.3272
28.6458
28.8481
28.9199
28.8097
28.5688
28.3889
29.1725
28.6862
28.7031
28.707
28.7016
28.6025
28.5062
28.8013
28.9332
28.4814
28.9523
28.6869
28.8872
28.5056
28.658
28.5471
28.5625
28.6391
29.3765
28.6636
28.7695
28.6139
28.9066
28.6306
28.8108
28.7317
28.8278
28.8037
28.5129
28.2321
28.6083
28.7475
28.988
28.5374
28.9205
28.9404
28.717
29.1314
29.2555
28.8735
28.9526
28.7915
28.7085
28.5277
28.8416
28.7838
28.3249
28.4979
28.997
29.1341
28.5465
29.1994
29.0952
29.0014
29.2171
29.2912
29.4612
28.6809
28.4951
28.8065
28.7446
28.9205
29.0428
29.0409
28.7916
28.8546
28.9822
29.0885
28.9436
28.7797
28.8676
28.8876
29.0217
29.1538
28.7969
29.1508
28.993
28.9877
28.9239
29.1302
29.222
29.0639
29.3497
28.7228
29.0942
28.6849
28.7689
29.2296
28.7704
29.164
29.1785
28.422
29.0637
29.0122
28.9953
28.9097
28.8913
29.109
28.7715
29.0595
29.1051
28.9159
28.9079
29.1942
29.2703
28.8142
28.7761
28.9874
28.885
28.4785
28.8447
28.6705
28.7392
28.661
28.9034
28.5738
28.9811
28.8179
28.9813
28.2787
28.5828
28.8845
28.7181
28.5904
28.434
28.8649
28.5457
28.8555
28.9829
28.7942
28.8578
28.7048
28.6174
28.8059
28.5358
28.4808
28.5453
28.7841
28.8235
28.5033
28.7282
28.1798
28.4953
28.9279
28.9272
28.8871
28.9467
28.9095
28.9702
29.2961
28.5842
28.5601
28.7246
29.1453
28.8991
29.1403
28.7514
28.6045
29.2021
29.1914
29.0696
28.9296
29.1005
28.9259
29.0602
28.8685
28.7098
28.8922
29.0912
28.9904
28.7123
29.5332
29.0233
28.81
29.0817
28.8334
28.7147
28.7021
28.8709
28.8373
28.7429
28.7944
28.6764
28.8631
28.7612
28.9476
28.6652
28.9195
29.2527
29.1353
29.1653
29.1438
28.7181
28.5054
28.5342
28.8189
28.9717
29.0307
29.2661
28.6577
29.1048
29.306
29.3608
28.7726
28.4409
28.7113
28.9019
28.9421
29.0681
28.7646
29.0839
28.7718
29.0514
28.946
28.7043
29.2915
28.7276
28.7025
29.0885
28.8638
29.0904
28.6952
29.2071
29.0884
29.0024
29.0617
29.0194
29.1166
29.0353
28.9065
29.1099
29.0868
28.5853
29.3234
28.6262
29.1407
29.2708
28.8406
28.9517
28.8194
28.8452
29.1831
28.9568
28.686
29.0504
28.9507
28.9277
29.2013
29.0185
29.0081
28.7345
28.9194
29.1723
28.5302
28.8403
28.8597
28.7696
28.8207
28.6173
28.8915
28.9881
29.2018
29.4884
28.7783
28.8816
29.028
29.3732
28.5331
28.7011
28.9391
28.933
28.7786
28.5882
28.6097
28.8445
28.9221
28.9315
29.2907
28.8272
28.5997
28.6584
28.808
28.3688
28.7218
28.9488
29.1991
28.7069
28.6468
28.7988
28.8491
28.9245
28.8599
28.4706
28.9653
28.3585
28.5415
28.3637
28.7882
28.736
28.2022
28.6429
28.9733
28.7838
28.9707
29.1388
29.1975
28.7943
28.7864
29.1648
28.9042
29.4199
28.873
28.9433
28.8022
28.6464
28.8272
28.9141
28.8573
29.0587
28.6093
29.1124
28.7402
28.8493
28.7939
29.0445
28.4693
29.0061
28.4226
28.5483
28.537
28.8077
28.6817
28.7951
29.0151
29.2663
29.0728
29.0218
28.8123
29.0631
28.7358
28.7767
28.7721
28.7333
28.8429
28.6907
28.8881
29.0741
28.9597
28.6373
28.6183
28.6985
28.8412
28.6371
28.5782
28.4917
28.8153
28.651
28.7191
28.7527
28.8544
29.0648
28.4213
28.6983
28.8371
28.5001
28.7939
28.72
28.4627
28.7682
28.9043
28.9326
28.9784
28.5982
28.3283
28.7998
28.6411
29.2354
28.6728
29.0563
28.839
28.3994
28.7339
28.9451
28.4464
28.6977
28.3209
29.0063
28.809
28.6088
28.593
28.9208
28.6583
28.8102
29.0116
28.764
28.9794
28.8063
28.4767
28.5929
28.7871
28.5237
28.7179
28.6598
28.1584
28.7186
28.8586
28.6126
28.9809
29.0983
28.8958
28.7055
28.9799
29.0967
29.5123
28.9121
28.8491
28.7095
28.6876
28.8488
29.0422
28.9447
28.7596
28.8956
29.0387
28.8925
29.0647
29.2905
28.7452
29.0484
28.9072
28.9867
28.7889
28.8776
29.1447
28.9969
28.6459
28.7803
28.8794
28.7402
29.0545
29.1588
28.9281
28.8877
28.8027
29.1988
28.9272
28.7363
28.8137
29.0762
29.0892
28.7554
28.7972
28.8007
28.5917
28.7403
28.7199
28.7908
29.1169
28.7932
28.7385
29.1228
28.7817
28.8146
28.7887
29.1045
28.6793
28.9045
28.4523
28.8721
28.5029
28.9175
28.8577
29.1842
28.5364
28.6023
29.2185
29.0815
29.0074
29.0757
28.6661
28.7248
29.2058
28.8454
28.7442
28.9305
28.8636
29.1293
28.9627
28.9994
29.1085
29.3055
28.6028
28.9685
29.0117
28.7478
29.1289
28.6037
28.6396
29.0642
29.1357
28.7608
28.979
28.759
28.9645
28.8918
28.9088
28.8505
29.0336
28.4607
28.9089
29.2514
29.0532
28.915
28.8314
28.5
28.9919
28.7446
28.4045
29.0434
28.7161
28.8894
28.969
28.9933
28.7866
29.2196
28.8043
28.6418
28.8754
29.0662
29.0221
28.7714
28.9318
29.0932
28.9088
28.8353
28.7006
28.7663
28.6863
28.7159
28.9462
28.8359
28.8933
29.0231
28.761
28.2649
29.1067
28.4704
28.7461
28.8491
28.8083
28.9142
28.4922
29.0608
28.7455
28.8646
28.9016
28.7594
28.835
28.7646
28.5747
28.6129
28.9163
28.6795
28.7116
28.964
28.9278
28.9761
29.1483
29.0542
28.3281
28.9332
28.6838
28.7068
29.0796
28.9644
28.7854
29.3123
28.7946
29.0252
