3.52188
3.89206
4.11171
3.69205
3.9978
4.1615
4.34465
3.9628
3.86667
4.05339
3.92786
3.83219
3.76272
3.84175
3.79933
3.77557
3.74402
3.87308
3.78128
3.93858
3.6261
3.94706
4.2912
3.92145
4.27762
4.01138
4.30496
4.05683
3.88694
4.23493
3.67483
3.61415
3.63576
3.79207
4.25417
3.70129
3.91495
3.80867
4.07685
4.40124
3.59055
4.1719
3.88271
4.02253
3.91803
3.62016
3.8428
4.12594
4.29509
4.0515
4.07091
3.82505
4.13382
4.07639
3.84094
3.92266
3.9811
3.81012
3.70714
3.99515
3.76694
3.78707
4.0939
3.56689
3.82625
4.03248
3.52051
3.99801
4.19736
4.07442
3.75135
3.92427
3.7276
4.0846
3.86288
3.31769
3.83143
3.87376
3.83643
4.01709
4.32487
3.93411
3.74699
3.98892
4.26296
3.89791
3.97576
3.55979
3.62034
4.08166
4.05487
3.70466
4.14662
4.18689
3.97175
4.12268
4.07615
3.69096
3.75107
3.73995
4.08655
4.04921
4.01655
4.32756
4.15665
4.27805
4.34402
4.0408
4.35009
3.69086
3.79629
3.94535
3.94165
4.10782
3.92704
3.88104
3.37886
4.15279
3.92832
3.83443
4.06527
4.53696
4.25765
4.24599
4.15442
4.02593
4.30606
4.22164
4.41341
4.21783
3.89937
3.83701
3.97757
3.78973
4.28335
4.37649
4.39433
4.22833
4.06208
4.30741
3.82399
4.14985
4.23718
3.9476
3.80644
4.29683
4.41804
3.98247
4.17162
4.24305
4.17843
4.32946
3.90257
4.23455
4.27402
4.11166
4.12825
4.12629
4.19724
4.2293
3.85984
4.10323
3.77291
4.13941
4.2296
4.05859
4.35506
4.21569
3.97724
3.89203
4.11261
4.29124
4.10999
4.14294
4.42959
3.82081
3.93944
4.28721
3.90406
3.71273
3.98629
4.49614
4.20334
3.99286
3.93491
3.79577
4.11521
4.39095
4.28117
3.83474
4.28597
4.36374
4.06728
4.22956
4.34484
3.63402
4.17943
3.68775
4.1148
4.03553
3.71608
3.59825
4.17684
4.23814
4.09362
4.08108
4.25595
4.11034
4.07667
4.48048
4.19499
4.07718
4.01801
4.11793
3.99837
4.07028
4.09901
3.86214
4.38058
4.05096
4.06456
4.46253
4.26092
4.11832
4.09519
3.96878
3.98284
3.92647
3.80912
4.3078
4.11401
3.95412
4.08564
4.50581
4.322
4.08157
4.11653
3.89799
3.75562
4.17131
3.9296
4.03563
4.22998
4.11877
4.03279
4.28778
4.27953
4.66293
4.32384
4.15446
3.44944
4.0948
3.89402
4.09386
4.15785
4.03731
4.10403
4.28061
3.8459
4.04686
4.13824
3.9928
4.07001
4.22234
4.43007
4.42805
4.04401
3.84868
4.08509
3.61885
4.11942
3.95752
3.81348
4.06016
4.03176
4.05509
3.70717
3.96257
4.27342
4.30715
4.43263
4.01365
3.86745
4.13666
4.29998
4.42434
4.17453
4.32222
4.00617
4.21625
4.03335
4.0415
4.06403
4.08036
4.25122
4.00181
3.7858
4.09978
3.76929
4.18406
3.82996
4.12675
4.13383
4.04311
4.02175
4.14473
4.20138
4.0033
3.79005
4.1912
4.43866
4.02751
4.42683
3.98827
4.47627
4.31359
4.11416
3.77569
4.4155
4.3428
4.34909
4.36035
3.89026
4.0053
4.21069
4.27124
4.03275
4.61929
4.06818
4.36148
4.38494
3.66198
4.55644
4.04673
4.16561
4.14507
4.24493
4.34229
4.22131
4.07993
4.23218
3.96177
4.46503
4.24468
4.42392
4.54156
4.12185
4.50265
4.28232
4.32168
3.80619
4.20454
4.23646
4.37537
4.04531
3.84923
3.94712
4.19813
4.26652
4.2877
4.43182
4.40719
4.49255
4.34073
4.33137
3.78294
4.3492
3.83373
3.73075
3.85344
4.25016
4.1013
3.90196
4.2552
4.47884
4.12136
4.54924
3.90014
3.92141
4.59773
4.32504
4.44656
4.12588
4.28643
4.14379
4.18656
4.26171
4.24856
4.06746
4.24695
3.90572
4.06243
4.21778
4.13909
4.0979
4.38105
3.97989
4.24949
3.6331
4.30353
3.7817
3.76715
4.34099
3.90671
3.81247
3.90314
3.69837
4.15043
3.70443
4.03307
4.27845
4.08248
3.84834
3.83622
3.57775
3.66145
3.83661
3.5893
3.86121
3.97903
4.23726
3.99564
3.69814
4.38323
4.16285
4.20913
3.60769
4.19625
4.09939
3.86808
4.07778
3.90603
3.92669
3.50385
4.72767
3.97803
3.79612
4.35916
4.10418
4.07247
4.23663
3.88074
3.94479
4.21449
4.07619
3.88956
4.22973
3.89158
3.86563
4.08733
4.05104
4.13278
3.64689
4.29226
4.12222
3.94602
3.95358
4.50741
4.01837
3.81349
4.00275
4.05526
3.83916
4.00545
3.71389
3.76124
4.18683
3.48416
4.10136
4.01481
3.85316
3.96385
3.9739
3.96075
3.66854
4.23425
4.21387
3.98733
3.89459
4.10894
4.30883
4.23896
4.42526
4.04453
3.79673
4.31909
4.00911
4.45612
3.67372
4.22255
3.8179
4.39176
3.8438
3.97133
3.72836
3.72532
3.46284
3.906
3.80098
3.74428
3.73386
3.72185
3.87079
3.71875
3.92148
4.01701
4.03903
3.92847
3.60008
3.45297
3.88393
3.61067
3.88699
3.72429
3.92137
3.94036
4.25686
3.90661
4.07176
4.16232
4.12654
4.10012
3.87048
3.99211
3.98761
3.90197
3.80767
3.75701
4.34321
3.82277
3.49873
3.93773
4.221
4.0128
3.55333
4.25512
4.02646
4.14215
4.02514
4.07112
4.04147
4.20265
3.8523
4.10636
3.86688
3.76715
3.65387
4.09532
4.27072
3.88915
3.65491
4.03423
3.83304
4.29013
4.02063
4.2223
3.83128
3.95201
4.2514
3.537
3.95516
3.87072
4.38603
3.98943
4.02804
3.92029
3.597
4.04204
3.91013
3.83411
3.79526
3.76431
4.07734
3.90883
3.74867
3.94299
4.17932
4.06964
3.60354
3.93004
3.63667
3.7679
4.32443
4.1423
4.22875
4.09389
3.81339
4.29032
4.24757
4.0932
4.06811
3.82274
4.0904
4.01697
4.06051
4.01535
4.19046
3.9714
3.94378
4.68307
3.86043
4.22755
3.98054
4.37921
3.6803
3.89692
3.87989
3.722
3.86616
4.06688
4.09847
4.06854
4.42786
3.86287
4.21499
3.93148
3.98174
4.06835
3.77635
3.81632
4.42542
4.26748
3.76653
4.10728
3.94348
4.31765
4.18877
4.3499
3.93622
4.42552
3.74131
4.32239
3.89202
4.26508
4.01301
4.5148
4.07568
4.4258
4.28121
3.78117
4.23236
3.98853
4.60098
4.2256
4.31987
3.69455
4.33059
3.6891
4.18622
4.03101
4.08677
4.2468
4.2177
4.31193
3.94995
4.50468
4.16069
4.37258
4.47866
4.05821
3.88098
4.31503
4.30089
4.17645
4.11453
4.39194
4.25189
4.26678
3.98062
3.56724
3.8023
4.09662
4.05687
4.01444
4.00222
4.15307
4.0512
4.25298
3.79681
4.28377
4.45242
4.30984
4.14381
4.20165
4.12444
4.05836
4.17316
4.20163
4.47877
4.12782
4.44527
4.18976
4.19737
3.78996
3.75719
4.19616
4.33083
3.91761
3.86739
3.99673
4.18767
4.19187
4.02296
3.99631
4.18185
4.10453
4.22927
4.02519
3.82451
4.25345
3.75578
4.0171
4.20404
4.37449
4.56338
4.16357
4.39321
4.60152
4.15614
3.89173
4.0671
4.30207
4.15416
4.47188
4.27446
4.00314
4.16495
4.10816
4.44657
3.91556
3.74465
4.19181
4.40245
4.09636
4.1263
4.17325
4.18829
3.77254
4.28899
4.27109
4.27433
3.88833
4.41449
4.47876
4.16359
4.08762
3.5679
4.17929
4.2794
4.17825
4.42483
3.8967
4.22532
4.24176
3.90458
4.44142
4.28221
4.12436
4.42951
4.40661
4.1124
4.26292
4.11478
4.35188
3.98772
4.08261
3.92715
4.01674
4.20013
3.8805
4.21223
4.28023
4.22941
4.01031
4.20339
4.3007
4.30464
4.79422
3.91702
4.50611
4.4832
4.28647
4.48285
4.24392
4.52881
3.86754
4.12001
4.28245
4.09763
4.09765
4.2889
4.11466
4.016
4.11948
4.10213
4.433
4.10233
4.44079
4.17459
4.10633
3.92898
4.18894
4.07617
4.60398
4.1268
4.06613
4.15515
4.06462
4.06094
4.18911
4.30652
4.11098
4.10311
3.92946
4.19998
4.186
3.95387
4.14397
3.9481
4.00433
4.03521
4.26284
3.77698
4.04325
4.28801
4.52706
4.09263
4.35612
3.89347
4.19239
3.84054
4.15459
4.26383
3.95148
3.96732
4.12806
4.66628
4.07687
4.53632
3.78218
4.14858
4.25095
4.28058
3.92664
4.26838
4.20967
4.48261
4.07537
4.45882
4.38097
4.21683
3.98513
4.12193
4.07286
4.17809
3.48691
3.84006
4.22334
4.03336
3.6885
3.83051
4.0483
4.1987
4.16911
3.50804
3.94155
3.78759
4.17661
4.19527
4.20017
4.29004
4.29755
4.22103
4.04098
3.88342
3.9847
3.78906
3.63699
3.8358
3.9094
4.16874
3.72792
4.34997
3.36901
4.27181
4.3202
3.84544
4.47444
3.69689
4.07998
4.03202
3.93457
4.27981
3.95185
4.60235
3.84655
3.74207
3.95261
3.97568
4.18552
3.96556
3.93512
3.72549
4.35118
4.10908
3.93681
3.95438
4.38284
4.08905
3.80225
4.04606
4.34023
3.46228
4.03982
3.88919
4.16927
4.24946
4.13106
3.71821
4.46767
3.82794
4.33534
3.60157
4.11596
3.93078
4.04194
4.15456
4.05746
3.97982
4.24676
3.79982
3.96
3.73177
3.90674
3.96856
3.96913
4.30092
3.451
4.13937
4.26464
4.20339
3.88219
3.82476
3.72272
3.72428
3.69288
3.56379
4.0739
4.09954
4.06721
4.11635
3.81982
3.97612
3.6783
4.41707
3.60513
4.28946
4.1726
4.37392
4.43487
4.25506
4.0877
4.3048
4.07916
4.30021
4.22402
4.3132
3.67871
3.75338
4.1625
3.81232
4.50876
3.92036
4.04461
4.12085
3.91218
4.65744
3.97665
4.25455
3.97593
4.23262
4.34334
4.06082
4.67818
4.27014
4.1324
4.00955
4.06113
4.24521
3.8981
4.02416
3.71237
4.33365
4.12277
4.27212
4.14588
4.16071
4.36539
3.64662
3.95392
4.45704
4.10551
3.64181
4.26328
4.18731
4.2651
3.77976
3.85456
4.33514
4.17258
4.01754
3.85743
3.84979
3.74364
3.80199
4.06412
4.01546
3.92183
4.53867
3.88677
4.11999
4.00461
4.03785
4.25879
4.00708
4.32007
4.20371
3.90393
4.46352
4.08974
4.15029
3.91006
3.83707
4.42304
4.14981
3.87792
4.46307
3.7309
4.00129
3.72377
4.33102
3.93398
4.06124
3.95506
4.54181
3.69659
3.88162
4.10302
4.06937
4.39667
3.77481
4.04991
3.89971
3.74894
4.12576
3.78147
4.07838
4.27844
4.04305
4.07403
4.12971
4.19621
3.82414
4.1578
4.59479
4.05165
4.3374
3.84549
4.04478
3.94758
3.99811
4.49847
4.16662
4.02823
4.31778
4.2987
3.8018
3.97577
3.86662
4.3611
4.34424
3.91712
4.10075
4.38
4.00342
3.98288
3.99336
4.17123
3.99116
3.67659
4.14668
3.97791
3.94915
4.14075
4.12838
3.92434
4.32668
4.36019
3.87539
4.02914
3.72495
4.21838
3.83848
3.95955
3.91343
4.20338
4.10406
4.08168
4.27177
4.17938
3.93809
4.1495
4.23097
4.33116
4.30003
4.31748
4.27725
4.17723
4.2365
3.85688
3.8652
3.87118
4.24364
4.11182
4.01376
3.81362
4.01825
4.16192
3.89477
4.13262
4.00156
4.46812
4.22064
4.14732
4.33175
4.31102
4.2409
3.96129
4.27454
4.21639
4.1717
4.28028
3.72415
4.04271
4.00784
4.01439
4.09383
4.26746
4.00443
4.07954
4.10634
4.26855
4.00525
3.9791
3.83779
4.30244
3.85313
4.0665
4.43389
4.19152
4.29716
4.05399
4.0999
3.95277
3.72068
4.29511
3.63201
4.07057
4.07141
4.22769
4.1552
4.32297
4.43175
3.96251
3.65774
4.22982
4.0948
3.95731
4.50889
4.44618
4.03444
4.09737
3.92288
4.28188
4.28906
3.66216
4.03393
4.07597
3.85509
4.40288
4.28659
3.86153
3.97653
4.16094
4.01384
4.05768
3.97791
3.74833
4.22469
3.96875
4.01972
3.79687
4.38376
4.3646
4.58952
4.19965
4.00659
3.90962
4.09686
3.81608
3.66046
3.53713
4.0704
3.94275
3.77951
3.68383
3.85582
3.83211
3.7883
4.10214
4.3581
3.93726
4.15707
4.23824
3.5311
3.8003
4.04087
3.67241
3.69612
3.82398
4.04274
3.89355
3.99774
3.93484
3.99797
3.70773
3.93523
4.40872
4.13019
4.16592
3.96031
3.96488
4.05608
4.16238
4.54099
4.31687
3.90052
4.5957
4.03098
4.46433
3.95992
4.15613
4.39514
3.75815
3.605
3.75316
4.17171
3.8638
4.06212
4.0506
3.72503
3.963
3.79707
3.90338
4.21705
3.89014
3.46726
4.29479
3.82758
3.80151
3.95179
4.12485
4.0783
3.88972
3.92191
3.97054
3.93911
3.69422
3.85249
4.36751
4.06061
4.01672
3.71772
3.73164
3.5725
4.11054
4.23536
3.76404
3.9475
4.22059
3.6906
3.90918
3.87341
3.80919
3.92808
4.1048
4.23836
4.30803
4.02753
3.72883
3.94396
4.13447
4.18159
4.25766
4.42024
3.98754
4.37429
4.3188
4.54249
3.95067
4.01335
3.93283
3.95383
3.73771
4.15321
3.83245
3.88989
4.35107
3.81045
4.56369
4.6058
3.95551
4.70583
3.85839
3.70205
4.02545
3.744
4.41852
4.20933
4.49877
4.12168
4.05727
4.47195
4.29311
4.75456
3.93762
4.21105
4.10171
4.13254
4.2713
3.68699
4.07964
4.15627
4.0361
3.82397
4.11149
4.14513
3.95184
4.06382
4.43294
4.46092
4.14694
4.41486
4.35837
4.49395
3.8466
3.83447
3.96059
4.23717
4.26106
4.0577
4.42407
4.15717
4.2797
4.08772
4.13176
4.39733
3.96934
3.82141
4.28597
4.15076
4.27732
4.17573
4.24411
4.46206
4.34612
4.08087
4.04017
4.33245
4.09798
3.90499
3.93589
3.85689
3.27703
3.71067
3.99727
4.03289
3.71616
3.88506
3.82043
3.89097
3.78368
3.51538
3.86009
3.89992
4.07683
3.84156
3.73982
4.02455
3.92762
4.18379
4.0063
4.12702
4.00382
3.66762
3.88259
4.32504
3.68216
4.23298
3.80493
4.08539
3.95708
3.78184
4.34086
3.78474
3.97557
3.7904
4.05571
4.08332
4.08828
4.1442
3.89047
3.90835
3.91971
3.71033
4.27597
4.14757
3.83705
3.98953
3.98171
4.14088
3.63411
3.9478
3.9598
3.654
3.69213
4.33047
4.22304
3.97553
4.1207
4.20539
3.73259
3.93627
4.05592
3.82361
3.60062
3.55362
3.88672
4.23349
3.84249
3.83734
3.76265
3.82734
3.72546
4.15782
4.07559
4.03835
3.76941
4.05734
4.11891
4.05101
3.89838
3.53755
3.70221
4.0357
4.12739
3.83898
3.55208
3.90508
4.13206
3.85286
3.61353
4.16261
4.08043
4.17285
4.0144
3.80901
4.17171
3.9409
3.90989
3.84839
4.02509
4.11472
3.64267
3.9523
4.44091
4.16631
4.25959
3.7611
4.24473
4.54121
4.19429
3.87646
3.94775
3.88588
3.95877
4.66742
4.24174
3.88196
4.21095
4.29612
4.03652
3.97283
4.09677
4.11488
4.08228
3.92718
4.15516
4.21469
4.15853
4.4968
4.04594
4.28638
4.20817
3.94961
3.73086
4.56773
4.53521
3.85253
4.08246
3.935
4.23923
4.37125
3.9427
3.43797
4.08081
4.10237
3.76998
4.1594
4.15995
4.27418
3.97182
4.09173
3.98489
3.71551
4.21289
3.84898
4.13857
4.14609
3.83932
4.0095
4.18364
4.13418
4.01425
3.99062
3.889
3.69356
4.0104
3.49119
4.05113
3.95828
3.73275
4.07084
3.82957
4.32621
3.98555
4.10899
3.33487
4.30123
4.16023
4.06936
3.99602
4.11875
4.07206
3.82657
3.96456
4.40967
4.36507
3.83377
4.28046
3.99516
4.18726
3.98963
4.1756
3.76029
3.76755
3.64811
4.21523
4.21979
4.06605
4.16473
3.9668
4.27668
4.01303
3.94804
4.20385
4.25421
3.95054
4.1875
4.33414
4.06262
3.88387
4.19379
4.1014
4.04853
4.16707
3.97122
3.90105
4.40332
4.03279
4.01868
3.78888
4.07302
4.12205
3.67091
4.05378
3.915
3.87416
4.15741
3.50756
4.09052
4.01437
4.29148
4.57596
4.30838
4.28448
4.45933
4.30821
4.4582
4.2925
4.08114
3.9422
3.9542
4.22809
3.97035
4.30079
3.98693
3.66985
3.90727
3.85989
4.05688
3.63437
4.19188
4.09308
4.20057
3.7275
4.24221
4.19406
3.87593
3.77968
3.8887
4.25918
4.34673
4.08963
4.0135
4.02674
4.11214
4.20467
4.35414
4.20796
4.20938
3.9276
4.31224
4.18305
4.0848
4.27297
3.78723
4.03117
4.48686
4.60219
4.12362
4.09178
3.81954
4.01453
4.51491
4.08118
4.00041
4.13589
4.0767
4.16947
4.22825
4.04486
4.40499
3.97248
4.15167
4.1814
3.99591
4.04727
3.88437
4.18716
4.1329
3.6624
4.26429
4.28234
4.03328
3.84932
4.02961
3.83562
4.2193
3.59041
3.99043
4.40558
3.67376
4.17566
4.07027
3.89629
4.34171
3.90211
3.93179
3.9743
4.04519
4.21085
3.78909
4.45364
4.66842
3.98351
3.86055
4.12405
3.7614
4.18344
3.36283
4.03802
3.8197
3.80628
3.90898
3.79341
3.99446
4.0232
3.5642
4.06455
3.94912
4.20196
3.82322
4.00176
3.7578
3.61638
3.76083
4.12524
4.20366
3.96052
4.04849
3.69774
4.08508
3.88319
4.08334
4.25105
4.06789
4.25684
4.10974
4.16179
3.51234
4.05823
3.85113
4.11451
4.10691
4.09127
3.86549
3.62453
3.9245
4.16495
3.64036
4.28984
3.7171
3.63477
3.67455
4.08022
4.24753
3.80798
3.73578
4.25967
4.11619
3.83437
4.00256
4.06867
3.9976
4.10886
3.95208
3.76253
3.88012
4.02603
3.77688
4.19657
3.7224
4.04136
4.1945
3.69772
3.87883
3.92518
3.75295
4.05412
3.91577
3.90157
4.14144
4.09851
3.98039
4.11509
4.31169
3.91864
3.17197
3.75085
4.10992
4.11789
3.92408
3.72529
3.84744
4.09488
4.50662
3.72045
3.92706
3.76007
4.12069
3.73274
3.83836
4.08539
3.87728
4.51447
3.58881
4.19875
4.11772
4.2276
3.54923
3.97934
4.00755
4.12211
4.06895
4.11359
4.28683
4.40951
4.03711
4.22507
4.20851
4.05323
4.38081
4.28515
4.04824
3.89359
4.02992
3.78185
4.27775
3.9021
4.03357
4.02711
4.14418
3.88695
4.21158
4.11472
3.96716
4.18259
4.48686
4.25798
3.79549
3.79874
3.97885
3.86988
4.137
3.93956
3.63448
4.26989
4.34461
4.01518
4.35471
3.78007
4.2634
4.29189
4.20362
4.26338
3.79901
3.79884
3.92385
4.35409
3.59502
3.95114
3.76812
3.78427
4.10917
4.00721
4.00464
3.99875
3.54986
4.07884
4.02704
3.95119
3.8315
3.81014
3.83445
3.99897
3.47584
3.80351
4.09221
3.68087
3.52574
3.72516
4.09192
3.90144
3.91434
3.69973
3.66586
3.73887
3.49865
4.30836
3.95756
4.11317
3.60404
3.90451
3.73983
3.92077
4.79214
4.24707
3.80441
3.80241
3.75087
4.04262
3.68044
3.56896
4.28953
4.21613
3.76098
4.36851
3.91645
3.96125
4.19222
3.41326
4.16432
4.00108
3.90292
3.95981
4.07296
3.99219
3.53091
3.88752
3.7125
4.27988
4.11926
3.7823
4.00529
4.02892
3.80383
3.62193
3.89517
3.77704
4.07763
4.04544
3.93254
3.90951
4.02972
4.13218
3.84817
4.01476
4.06303
3.78241
4.11384
4.23002
3.97564
4.14465
3.78106
3.9079
4.15523
4.06954
3.9688
4.21645
4.09134
4.38633
4.16981
3.96289
4.00068
4.38186
3.9791
3.85372
3.98214
3.93769
4.08631
4.47714
4.36935
3.95698
4.48576
3.79681
4.09814
4.18945
4.19691
4.22405
3.9775
4.26712
4.01215
4.56042
3.91776
4.27766
4.03082
4.30985
4.33913
4.14649
4.13884
4.48269
4.25111
4.48862
4.19203
4.36121
3.78201
3.99351
4.30216
3.96695
4.13132
3.93733
4.01922
4.43508
3.8411
4.07699
4.03534
4.15949
3.8872
3.62876
4.10233
3.9949
4.08189
4.37877
3.95759
4.27725
3.77475
4.31583
4.48248
4.68545
4.05985
4.07789
3.71859
4.17583
4.0806
4.60225
3.8084
3.9411
4.44333
4.05889
4.26541
4.26248
4.20526
4.11153
4.18666
3.96274
3.48136
3.98988
3.56276
4.15242
3.68492
3.96767
3.5392
3.89835
4.09339
3.7248
4.04644
4.04323
4.32589
3.91742
4.16407
3.62794
4.18491
3.9131
3.76036
4.01148
4.33129
4.13559
4.04135
4.36143
3.7113
4.09682
4.18392
3.91131
4.24396
4.22464
4.08222
4.30257
3.68705
4.53364
3.73289
4.13143
4.13588
3.88925
4.11016
4.1798
4.36058
3.82322
3.50043
4.2752
4.05318
3.78143
4.26617
4.09193
3.89635
3.8269
4.32147
4.01134
3.36108
3.98615
3.86964
4.06177
3.46997
4.35455
4.24616
4.07177
4.10329
3.83182
4.12517
3.92009
4.25766
4.60375
4.46359
4.51048
4.13146
4.36215
4.19648
4.0315
4.19375
3.80558
3.92792
4.11559
4.2117
4.03219
3.74102
4.05112
3.88177
4.16952
3.89482
4.30066
4.18913
3.78754
3.9579
4.15182
3.79191
4.37799
3.84431
4.39883
4.32492
4.32224
4.33633
4.12823
3.6375
3.92459
4.35283
4.12574
4.20993
4.0439
4.77819
4.20574
3.5967
3.84537
3.94536
4.23615
4.04128
4.2101
4.18885
4.12358
3.94231
4.15395
3.97744
3.99839
4.00369
3.91167
3.95271
4.1507
3.80557
4.04175
3.99881
4.31866
4.12532
3.67124
4.11093
4.14337
4.15514
3.8309
4.2457
4.09229
4.00998
3.96365
4.34935
4.40467
4.03582
3.85241
4.20855
4.28555
4.02929
3.99864
4.2705
4.23415
4.24667
4.29432
3.77812
4.12768
4.10207
4.41183
4.5178
4.15312
4.09574
3.66772
4.0195
4.10225
3.80841
3.65814
3.55973
4.11318
4.03371
4.28726
3.98406
4.10854
3.85719
4.08082
4.21035
4.00502
4.40363
3.97142
3.99297
4.34477
4.50492
3.88402
4.35592
4.04966
4.34628
4.39953
4.11496
4.24981
4.43885
4.16537
4.07814
3.9111
4.32451
3.99372
4.02083
4.09369
4.34749
4.4694
3.94983
3.99862
4.2404
4.12621
3.48193
4.09261
4.09508
4.30102
4.10385
3.88516
4.02487
3.90938
4.27394
3.89483
4.26045
3.99995
4.26154
4.04808
4.47992
4.31172
3.68296
4.22541
4.10681
3.86017
4.19083
4.17562
4.41289
4.27426
4.49794
4.03116
3.71236
4.03237
3.67358
4.08481
3.62132
4.10787
4.1193
4.36035
3.79838
3.74683
4.27801
3.95577
4.51956
4.09009
4.06233
3.83916
4.1137
3.68271
4.45978
3.90974
4.09642
4.13634
4.13479
4.13777
4.16307
4.36991
4.38411
3.91835
3.8198
4.21183
4.18412
4.04065
4.21089
4.48406
3.59402
4.44543
4.09557
4.28991
4.03131
3.94092
3.96797
4.30931
4.31914
4.17858
3.7016
3.98388
4.35421
4.00043
4.40849
4.02243
4.15208
4.24899
4.15195
4.07025
4.20669
4.38322
4.19074
4.15871
3.91834
4.65538
4.63096
4.53431
4.38993
3.97716
4.31375
4.32883
4.26371
4.36167
4.24655
4.30467
4.71753
4.29934
4.29293
3.46546
4.10508
4.03462
4.22513
3.93206
4.28413
4.17124
3.89429
4.01743
4.3202
4.31846
4.33185
4.58768
4.37804
4.11146
4.25562
3.86825
4.37772
4.3674
4.31759
4.32046
4.39513
4.37153
3.60899
4.62917
4.80505
4.33178
4.45963
4.96081
4.2985
4.39047
4.20512
4.01027
4.47527
4.21099
4.16982
4.26692
4.18958
4.06492
4.19192
3.93972
4.35977
4.25086
4.16233
4.37727
4.339
4.30611
4.52382
4.61811
4.33867
4.31275
4.18412
3.96973
4.16677
3.8863
3.85681
4.40776
3.95414
4.30557
4.40483
4.10544
4.65234
3.77719
4.30864
4.47843
4.33861
4.55256
4.3059
4.10206
4.29113
4.56642
4.61365
4.63091
4.03438
4.18742
4.34633
3.79471
3.90823
3.7792
4.07607
4.10371
3.5826
3.98281
3.99019
4.46564
3.91317
4.18644
3.89717
4.29922
3.95279
4.27244
4.02711
3.83016
3.62586
4.18696
4.47522
4.00237
4.08607
3.57689
3.99526
3.72813
3.98341
4.1179
4.02858
3.93607
4.35651
4.01623
4.2347
4.13944
4.03125
4.25889
4.51172
4.25045
3.77128
4.13244
4.20202
4.10464
3.863
4.14116
3.77982
3.83509
3.99636
4.13785
3.85957
3.91035
3.88955
4.29331
4.30406
3.72581
4.17904
4.38727
4.08418
4.30457
4.23762
4.05937
4.14086
4.57017
3.84591
4.06513
4.00229
4.17024
4.05235
4.0151
3.92869
3.52324
3.70652
3.848
4.19579
3.91258
3.45542
3.98708
3.94541
4.27678
4.00323
3.74768
4.13888
3.80638
3.99241
4.47999
4.06486
3.92346
3.85832
3.82826
3.86559
3.97759
4.90226
4.19862
3.95212
4.14077
4.31341
4.13994
3.6954
3.96848
4.14011
4.10211
4.08165
4.21962
4.2061
4.36603
3.99831
4.03474
3.74885
3.95919
3.68005
4.22579
4.09989
4.16581
3.4888
4.27215
3.78358
4.36992
4.33139
3.72288
3.67928
4.48964
4.04235
3.6795
3.90283
3.64333
3.90961
3.72316
4.04998
4.19294
3.92219
4.07344
3.94281
4.05786
4.21103
3.73098
3.89978
4.01601
3.83808
3.9224
4.08428
4.0031
3.93962
3.88899
4.14171
3.78248
4.05121
3.47354
4.15871
3.41845
3.9242
3.88386
3.9728
3.99912
4.14185
3.93738
4.02146
4.02106
4.05789
4.18523
4.14053
4.08474
4.05515
3.59953
4.11703
4.33194
4.0189
3.66341
4.22877
4.25061
3.95111
4.08315
4.25491
4.2389
4.0328
3.96762
4.0773
3.56596
3.79284
3.85795
4.06814
3.99508
4.0351
3.57394
4.18433
3.86407
4.15979
3.72585
3.95475
4.13538
4.08339
4.1657
3.99555
4.28473
3.75856
3.80814
3.84057
3.87145
3.93707
3.7361
3.94538
4.02903
3.94841
4.34581
3.96879
4.24103
4.2916
4.32418
3.66503
4.11888
4.05224
3.89026
4.05214
3.9872
4.58328
3.61331
3.55134
4.12974
3.91363
4.3677
4.47852
3.78287
4.22881
4.24735
4.00105
3.7997
4.10259
4.02731
3.94257
4.21293
4.50578
4.23525
4.13578
4.35127
4.33973
4.06243
4.03258
4.08005
4.20345
4.07561
3.89401
4.06966
4.17317
4.3112
3.87279
3.95537
4.52541
3.24753
4.16402
3.98376
4.08304
4.18264
4.29152
4.00058
4.43132
4.07561
3.75305
3.77751
3.99625
3.9292
3.89406
4.2457
4.06341
4.2578
3.91613
3.95057
4.16581
3.91651
3.88725
3.8762
3.95653
4.30988
3.83352
4.16214
4.45294
4.58236
4.23794
4.11155
4.11201
4.10863
3.74141
3.35196
3.97824
3.95385
4.05639
4.03388
3.96605
4.0648
3.40115
4.34225
3.66283
3.99315
3.92439
3.67601
3.96668
4.26413
4.61019
3.98763
4.10625
3.97878
4.19081
4.0243
4.29426
4.21298
4.15794
3.93163
4.34579
3.81352
4.36289
3.94809
4.26456
3.84633
4.40715
4.19757
3.53365
3.89862
4.12396
4.05163
3.86437
3.97993
3.8491
4.10071
3.87835
4.04935
3.94648
3.70377
3.78169
3.9665
4.16068
3.66092
4.23989
4.25644
4.19083
4.07451
3.63948
3.80953
3.66056
4.15869
4.16401
3.80181
4.30509
3.69774
3.89918
4.10383
4.04817
4.17012
3.82298
3.86671
3.94109
3.98091
3.80759
3.88265
3.85511
4.14234
3.81756
4.19068
3.72421
3.88002
3.84009
4.04353
3.98816
3.66065
4.59085
4.10977
3.88637
4.26511
4.26473
3.60719
3.85031
4.21477
3.96719
3.88188
3.83737
4.0563
4.18617
3.89742
3.70395
3.65458
3.68886
4.39435
3.83789
3.96207
4.04251
4.18375
3.71856
4.10809
3.45154
4.07089
4.04565
3.89749
3.83965
4.18377
3.91818
3.80611
4.03275
4.15559
3.92615
4.01669
4.31715
3.89511
3.54944
3.98373
4.03366
3.86597
4.1607
3.82152
3.56217
4.45618
3.99879
4.01019
3.80946
3.74564
3.56768
4.2747
3.87142
4.12916
4.06409
3.6557
4.15488
4.19164
4.53963
4.21217
4.21776
3.9806
3.48305
3.74657
4.07597
4.90745
3.82889
4.18343
3.9385
4.04482
4.01094
3.88982
4.34289
3.82163
4.16602
4.00552
4.10615
3.96358
3.72202
3.94898
4.15644
4.10842
4.22758
4.21215
3.86248
4.26958
3.8111
3.81206
3.64844
3.83166
3.80963
3.9168
4.31329
4.12437
4.10268
3.96469
3.92621
4.33299
3.70104
4.00809
4.15511
4.43946
4.1492
3.68749
4.01621
4.01244
3.80837
4.14777
3.89686
4.26662
3.98689
3.7078
3.59103
3.93053
3.87561
3.69749
3.8807
4.26854
4.2931
4.16884
4.32533
3.69216
4.33582
3.93001
4.10881
4.05245
3.93398
4.01773
4.41052
3.97011
3.99976
4.10292
3.86972
3.84194
4.37142
3.79096
4.6043
4.18637
4.13494
4.4909
3.98398
4.0717
4.1483
4.32091
4.21136
3.94621
4.38708
3.61731
4.07318
4.29772
4.22064
3.73304
3.98273
4.00447
4.09691
3.81772
3.92384
4.0221
4.30078
4.11606
4.23428
4.3574
3.85222
4.47986
4.30029
4.27068
4.38436
3.75692
4.12714
4.05678
3.97582
4.05516
4.25392
3.93225
4.31541
4.49521
4.36562
3.99228
3.97519
3.95939
4.15538
4.21228
4.09781
4.54069
3.94994
4.78138
4.12663
4.25114
4.06338
4.05584
3.75691
4.13019
4.62293
3.91027
4.04105
4.12472
4.09374
4.34594
3.88415
4.03093
3.86608
4.32631
4.25201
3.87815
4.12665
3.89565
4.39061
3.78986
4.27568
4.36789
3.82902
4.20817
4.34843
4.06147
4.45455
4.03886
4.04885
4.32269
3.86932
3.90595
4.0152
3.97411
3.81125
3.96939
4.10043
4.2115
3.92643
4.0508
4.23017
4.09065
4.14837
3.88941
3.97347
3.83774
4.09096
4.02874
4.49913
4.38681
4.12115
3.98688
3.94587
3.66068
4.08666
4.17709
4.07528
4.20182
3.99387
4.25631
3.87533
3.93048
3.88637
3.70333
4.33117
4.34256
4.58352
4.39258
4.02015
4.36142
4.64631
4.30949
3.92471
4.04573
4.50945
3.81104
4.15656
4.14372
4.25041
4.11175
4.20049
3.72706
4.42311
4.18622
3.99381
4.0042
4.18489
4.44425
4.31131
4.09239
4.03149
4.11474
4.10252
4.17965
4.12216
4.14172
4.05608
4.14481
4.46084
3.98014
3.92558
3.87506
3.90792
3.7442
4.22953
4.07235
4.12529
4.37824
4.28349
3.98494
3.93712
4.35703
4.2756
4.08187
3.67887
4.1904
4.05015
4.20724
4.18343
3.71292
4.4356
4.09705
3.97396
4.00319
4.14805
4.31027
4.16865
4.57209
4.24807
4.23446
4.42511
4.08183
4.6786
3.73011
4.25484
4.57446
4.0858
4.07789
4.20365
4.24554
4.28859
4.46761
3.939
3.91172
4.02815
3.73327
4.26565
4.32165
4.20643
3.80383
4.10251
3.97251
4.53518
4.19009
3.9372
4.36146
4.31766
4.22241
4.17319
4.09224
4.10463
3.95096
4.33477
4.08578
4.48144
4.08844
3.83917
4.34573
4.12815
4.13815
3.70531
4.09978
4.5171
4.2898
4.36029
3.77154
4.56423
4.09793
4.13895
3.92994
4.13469
4.09194
4.36101
4.1344
3.87236
4.05618
4.48622
4.70146
4.26991
4.04691
4.09004
4.1274
4.03974
4.27137
4.49223
4.24263
3.92384
4.42817
4.2631
4.0364
3.85315
4.11057
4.00218
4.1296
4.31736
4.02495
3.67871
4.28108
3.87949
3.84784
4.20209
4.12629
3.95542
3.95592
4.08141
4.49567
3.94849
4.38175
4.12493
4.40076
3.66805
4.39816
4.26369
4.75583
4.21548
3.85913
3.93683
4.1031
3.78691
4.42999
3.98755
4.18854
4.20997
4.00441
3.98791
3.47812
4.05745
4.13247
4.15551
4.5855
4.46192
4.21621
4.27806
4.36255
4.24552
4.11555
4.87976
4.57681
4.17281
4.35128
4.23114
4.42888
4.01515
4.43559
4.66956
4.07988
3.94551
4.22433
4.74588
4.07028
4.22717
3.81931
4.00388
4.14593
3.85889
4.22223
4.32376
3.96674
3.76575
4.8144
3.79191
4.51607
4.46945
4.04005
4.14041
4.10921
4.36603
4.26918
3.9215
4.21076
4.37395
4.33419
4.0197
4.50489
3.94462
4.43462
4.03564
4.01649
4.33256
4.03814
4.47439
4.57899
4.36805
4.33558
3.96899
4.02273
4.32852
3.92432
3.82806
3.96847
4.41964
3.67163
4.17717
4.11931
4.26208
3.90687
4.23407
4.1866
3.76397
4.45539
4.03609
3.5426
4.49861
4.19583
4.24662
3.81336
3.93702
3.91904
4.10123
3.7636
4.15297
4.06607
3.63472
3.92726
4.06523
4.21387
3.93054
3.57523
3.64924
3.99575
3.93978
3.63929
3.90127
3.72402
3.75302
3.78601
4.16494
3.55581
4.36118
4.30983
4.09157
4.11478
3.93864
3.59012
3.82923
4.03797
3.87796
3.89881
3.71546
4.06434
4.33088
4.2408
4.0278
4.02944
3.58165
4.36852
4.33145
4.67985
4.31789
4.40106
4.48084
4.43562
4.14878
4.70834
4.51862
4.71293
4.10919
4.4359
4.28835
4.43276
4.13095
4.36008
4.77842
4.20028
4.42696
4.3482
4.17633
4.14019
4.55303
3.63692
4.41493
4.18747
4.85314
4.07869
4.13674
4.08382
4.25847
4.50074
4.31721
4.27876
4.18182
4.43858
4.17437
4.48138
4.15451
4.55176
4.27229
4.54551
4.13518
4.02761
4.4288
4.34739
4.25806
4.61927
4.28828
4.27413
4.38239
4.709
4.76395
4.50409
4.03739
4.48122
3.90841
4.3228
3.82813
3.88206
4.58345
4.16538
3.71881
4.0835
3.80896
4.33845
3.85662
4.02654
4.14836
4.18603
3.71968
4.38277
3.80858
4.09154
4.22948
4.23075
3.76463
4.18852
4.24915
4.08426
4.08169
4.40581
3.96514
4.24785
3.75575
4.22668
4.34251
3.93312
4.23722
4.1876
4.02794
3.90357
4.16965
3.77335
3.61476
4.02313
4.30113
4.37473
4.12672
3.79206
3.73292
4.25139
4.3754
4.15846
4.13237
4.07277
3.96986
4.19583
4.24637
3.99256
3.65513
3.82837
4.15969
3.97616
4.31973
4.1424
4.39413
4.41027
4.13898
4.35523
4.38669
4.50302
4.06571
3.9634
4.38551
3.77836
4.23925
3.95227
4.28707
3.82949
3.77896
4.05945
3.97503
4.35012
3.88005
4.0643
3.89578
4.32462
4.01819
4.18428
3.90543
3.92306
3.91529
4.11354
4.00512
4.09237
4.25104
3.89566
3.97663
3.55488
4.29282
4.15556
4.03455
4.46115
3.77341
3.86243
4.025
3.91076
4.51731
3.71288
3.94124
4.28864
4.33417
3.92921
4.02181
3.73204
3.81944
4.28019
4.03214
4.00095
4.37848
4.42894
4.00763
4.03946
4.18754
3.9787
3.91105
4.17426
4.06867
3.88981
3.71169
4.23649
4.1565
3.99718
4.37496
4.22802
4.14423
4.24079
4.08714
3.97074
4.12903
3.98542
4.22967
4.31379
4.3068
4.26546
4.0353
4.18798
3.76904
4.14638
3.89645
3.90845
3.97641
4.07564
4.23485
3.63419
3.78175
4.22376
4.03308
4.18095
4.12939
3.86166
4.13092
3.70505
4.36438
4.23079
4.27629
4.18785
3.88905
4.39889
3.93811
3.85523
4.17266
4.62864
4.098
3.86903
4.23076
3.82816
4.1529
4.17609
4.29704
4.33934
3.93986
4.2687
3.91065
3.98845
4.03798
4.16573
3.94395
4.3007
3.75132
4.0479
3.97553
4.02304
4.18942
3.90642
3.97432
3.64495
4.2695
3.76049
4.01166
4.10939
4.13019
4.17535
3.78411
3.97261
3.65064
4.06152
4.07002
4.20266
3.97216
4.03535
3.62362
3.89842
4.03391
4.22391
3.85132
3.81854
4.23044
3.66182
3.65501
3.7501
3.79016
4.10082
4.36477
4.54724
3.94474
4.41967
3.6538
4.12341
3.7434
3.78994
4.17988
4.18483
3.9615
3.71105
4.44336
4.03568
4.36933
4.18488
4.47849
4.09441
3.9111
3.97996
4.1143
4.14977
3.85411
3.68469
3.82837
3.8995
4.32986
4.21927
3.91425
4.3337
4.47865
3.99884
3.88503
3.70058
3.80913
4.06677
4.18882
4.59224
4.34662
3.82349
4.13793
4.17113
4.35521
4.01741
4.04877
4.47775
4.38358
4.18275
4.0877
3.97073
4.02687
4.21655
4.65014
4.58107
3.76167
4.73647
4.25905
4.47113
3.86342
4.14039
4.13358
4.32958
4.01125
3.82493
4.22079
4.38094
3.91644
4.1703
4.11496
4.45369
4.03263
3.97497
4.63253
4.31626
4.32873
4.51572
4.05441
4.23368
4.05506
4.24369
3.72314
4.10302
3.95212
3.86687
4.17892
4.2128
4.24691
4.52558
4.04634
4.1746
3.88825
4.32805
4.29061
3.84824
4.7456
4.0021
4.02693
4.65891
4.67013
4.40338
4.49327
4.30021
3.85689
4.62039
4.48918
4.34276
4.86734
4.57936
4.52023
4.47613
4.21062
3.76744
4.49831
3.95297
4.2277
4.33674
4.53463
4.61817
3.99993
4.54913
4.22147
4.34918
4.53066
4.67896
4.54232
4.40302
4.51338
4.5481
3.78797
4.6088
4.46431
4.18399
4.45209
4.46592
4.61754
4.04215
4.44445
4.59702
4.15694
4.46851
4.14753
4.21662
4.81664
4.52893
4.3415
4.57756
4.46679
4.23044
4.51144
4.3802
4.64323
4.39544
4.51948
4.1504
4.15426
3.93134
4.18703
3.89176
4.26013
3.93241
4.13567
4.55538
4.19664
4.05599
4.37449
3.90018
4.13698
4.02367
4.3585
3.75018
4.14105
4.51241
4.31446
3.99841
4.06014
4.15014
4.10251
4.01026
4.22306
4.3394
4.01388
3.97543
3.98755
4.20197
3.89804
4.36578
4.17558
4.07771
4.03402
4.21509
3.85695
4.09447
4.50645
4.16318
4.02697
4.45476
3.65128
3.97777
4.21128
4.06737
3.87742
3.85762
4.26288
4.29047
4.07895
4.10993
4.53937
4.73291
4.03947
4.30455
3.84892
4.57613
4.08223
4.12288
4.2824
4.17327
4.13951
4.10304
4.22464
4.46589
4.37734
4.09846
4.62118
3.99227
4.17021
4.15903
4.3578
4.07851
4.36105
4.10618
4.30003
4.07515
3.95292
4.25824
4.33046
3.7829
3.92779
4.38941
4.21465
4.24984
4.13469
4.45946
3.87594
4.41071
4.42465
3.86742
3.96457
3.92564
3.92808
4.04885
4.1572
4.01063
3.96038
4.0771
3.9167
3.73516
4.65514
4.33605
4.27516
4.16827
4.36041
4.22206
4.52528
4.59939
3.91459
4.28802
4.2326
4.14941
4.06397
4.36909
4.051
4.24647
4.33773
4.02055
4.22409
4.39546
4.24525
4.04332
4.41063
3.93116
4.36508
3.78487
4.64879
4.22197
3.92221
4.13931
4.05183
4.13619
3.82484
4.30216
4.5997
4.51575
4.18937
3.94573
3.83866
3.77803
4.34508
4.4435
4.40125
4.68685
4.55091
4.45002
4.35136
4.2978
4.46183
4.50512
4.28008
4.08589
4.2539
4.31806
3.92287
4.35891
4.54431
4.09699
4.12392
4.37784
3.88143
4.14152
3.94709
4.5994
4.62762
4.17514
4.17844
4.37623
4.38978
3.96057
4.48812
4.7277
4.34101
4.11147
4.17836
4.11548
4.26596
3.83578
4.40095
4.27515
4.24191
4.70718
4.38994
4.22652
4.22676
4.2615
4.16738
4.36395
4.5579
4.16541
4.30245
3.89556
4.60756
4.37848
4.31142
4.49645
4.1963
4.00695
4.35955
4.1913
4.3764
3.99391
3.97825
4.35452
4.28412
3.93078
4.39117
4.36501
4.54754
4.0963
4.43252
4.00467
4.11517
4.39619
4.07372
4.15184
4.0075
4.37778
4.48179
4.12111
4.40849
4.46886
4.30504
4.23571
4.19374
4.23774
4.12921
4.26634
4.28291
4.15718
3.69045
4.27898
3.91891
4.00163
3.84504
4.1934
4.52186
3.8897
4.26428
3.98881
3.99315
3.78917
4.00578
4.02098
4.23046
4.19329
4.34193
3.81145
3.95755
3.79955
4.29292
4.15485
3.93708
4.24031
4.30915
3.92794
4.03419
4.36335
3.98272
3.95766
4.17546
4.2871
4.15155
3.8433
3.9162
3.86234
3.84101
4.12984
3.82494
4.28527
4.26666
4.47214
4.2405
3.99456
4.15454
3.89408
4.11085
4.13274
3.92893
4.29618
4.08993
4.12376
4.29598
3.84638
4.27935
4.02097
3.86695
4.50268
4.21257
4.69979
4.40966
3.94232
4.00204
4.40843
4.10762
3.66107
3.80702
4.0015
4.17437
3.83183
4.54842
3.80786
4.08096
4.30595
4.26593
4.44716
4.48199
3.74127
4.12305
4.39266
4.32485
4.32039
4.31042
4.17793
4.45382
4.24373
4.23355
3.77466
4.13708
4.39963
4.22009
4.05928
3.81719
4.33861
3.88336
3.94395
4.06059
4.45623
3.78481
4.05359
4.20075
4.18808
4.40326
4.18
4.30923
4.34995
3.9814
4.05713
3.83701
4.18818
3.74021
3.92546
4.43266
4.22795
4.16258
4.2033
4.12721
4.43383
3.57169
3.96161
3.91522
4.05757
3.88549
4.25899
4.10472
3.95678
4.42148
4.12691
4.27009
3.90771
4.01959
4.11097
3.70451
4.33335
3.95
4.11951
3.90736
4.07953
4.43216
4.12111
4.03353
4.12568
4.70976
3.57245
4.4578
4.02249
4.26227
4.27828
4.28443
4.15344
4.19248
4.07449
4.26085
4.24882
3.92132
4.04289
4.23818
4.05743
3.79689
3.83421
4.06481
3.77748
4.0754
4.19209
4.23571
4.51916
4.17563
3.85188
4.08943
3.70584
4.01105
4.26875
4.33034
4.26937
4.40597
4.10948
4.33031
3.77081
4.0181
4.14118
4.21863
3.78761
4.34469
4.04066
4.32402
3.92773
4.45546
4.35925
3.97942
4.19604
4.33502
4.00121
4.01282
4.29109
4.31407
3.70715
4.25584
3.73771
4.23085
3.7781
4.19909
4.13955
4.04371
4.07346
3.78704
4.09162
4.38713
4.40206
4.29549
4.13735
4.1593
4.03133
4.41258
3.91442
4.20745
4.16156
4.4631
4.46369
3.88151
4.28899
4.45181
4.09568
4.40968
4.31554
4.35833
4.14635
3.83145
4.26618
3.79365
3.67112
4.07628
4.30811
4.03129
3.69234
4.17679
4.49553
4.10836
4.10482
3.82448
3.64549
4.03549
4.17813
4.07198
4.14737
4.20682
4.24704
3.946
4.12237
3.81714
4.00473
3.93194
4.36581
4.35521
4.18302
4.13813
4.43966
3.92755
3.7199
4.26814
4.46715
4.104
3.63678
4.07057
4.28868
3.86452
4.13515
3.96551
4.44651
3.95874
3.7649
4.32243
3.85173
3.97689
4.12878
4.36686
4.61549
3.85206
4.10837
4.15114
4.53751
4.17285
4.11886
4.02469
4.03691
4.6118
4.21686
4.15141
4.03266
4.02566
4.15487
3.87462
4.38453
4.2759
3.95785
4.08614
4.41245
4.13823
4.07652
4.17299
4.15463
3.76305
4.08408
4.076
3.88074
3.94656
4.29244
3.55946
4.48667
3.74774
4.49381
4.22843
4.52491
4.61271
4.16686
3.90582
4.03216
4.13401
4.14415
4.41877
4.10598
4.34637
4.18261
4.006
3.92182
4.01646
3.94891
4.2318
3.80503
4.02244
4.09784
3.95796
3.98659
4.02515
3.7693
4.46181
4.13283
3.81958
4.16512
4.2369
4.15381
4.0076
4.10316
4.01041
4.1813
3.97263
4.43557
4.14675
4.17998
3.95078
3.78341
4.02049
4.05099
3.83002
4.26763
4.1182
4.37411
4.11301
4.25215
4.15899
4.35388
4.00694
3.81249
4.0356
4.18627
3.63192
3.93702
4.23759
4.20091
3.73321
3.94992
4.15223
4.28466
3.8878
3.56091
3.85995
3.8327
4.08716
3.86376
4.27089
4.34875
3.98038
4.3121
4.15229
3.92199
4.22443
3.64025
4.07475
3.79982
4.52427
4.23387
4.2362
4.13449
4.20937
4.34231
3.75908
3.63367
4.18244
3.99236
4.23547
4.34053
4.02269
4.2523
3.72875
4.22171
3.84135
4.00379
3.78888
4.24832
4.31637
4.20643
4.05867
4.25987
4.38415
4.04414
3.94849
4.44201
4.01152
4.06435
3.66469
3.8134
4.19853
4.09464
4.41177
3.69607
3.92441
3.99867
4.31586
3.9441
4.36056
4.15817
4.17802
4.18212
4.52654
4.19979
4.07782
3.84267
4.26158
4.13129
4.63127
4.34613
4.10269
4.01427
4.02495
4.44566
4.15066
3.89288
3.98312
4.1799
4.311
3.94954
4.54084
4.11258
3.94206
4.47906
3.97136
3.87581
4.22546
4.57556
4.27612
4.15436
4.37722
4.22641
4.59479
4.48547
4.19265
3.8428
4.03402
3.58009
3.96933
3.53747
4.14182
3.59618
3.70836
3.55326
3.71075
3.59936
3.57734
4.0701
3.84227
4.25319
3.81194
3.92327
3.90707
4.03761
3.84319
3.58901
4.15023
4.09629
3.76321
3.63115
4.25177
4.05917
4.2164
3.87474
3.816
3.98455
4.35128
4.09788
3.89698
3.92094
4.33422
4.13913
3.95088
4.10087
3.94371
3.79902
3.97477
3.6954
4.2013
3.87943
4.24018
4.2797
4.01623
4.2261
3.58581
4.23646
4.15411
4.15773
4.689
3.79214
4.5782
4.31268
4.23497
4.07403
3.90026
4.24859
4.18429
4.22544
4.1425
4.59159
4.03064
4.61339
4.27673
4.59906
4.36897
4.35499
4.06433
4.41608
3.96247
4.0197
4.07689
4.19457
4.08207
4.16325
3.88196
3.97076
4.06389
4.21666
4.61136
4.18037
4.3068
4.69396
4.56675
4.186
4.12882
4.03443
4.58215
4.09558
4.29747
4.32603
4.03037
3.84544
4.27367
4.25489
4.34672
4.09711
4.02323
3.87754
3.83475
4.3655
4.37592
4.41319
4.31147
3.9995
4.11446
4.2636
4.28426
4.21661
4.17513
4.28074
4.41516
4.30263
4.14466
4.25323
3.98211
3.85367
4.11302
3.56418
4.22984
4.29263
3.73687
4.21623
4.23399
4.0147
3.87555
4.06546
3.9544
4.1896
3.90563
4.23537
3.87472
3.98322
3.94096
3.90482
4.15817
4.20435
3.97113
4.27126
4.21112
4.08449
4.33049
4.13878
4.03651
4.02954
3.98636
4.0769
3.95428
3.8693
4.17659
4.26785
4.07358
3.74658
4.32059
3.72421
4.01991
4.57565
4.2749
4.34825
4.27887
3.93844
4.32583
4.3955
4.28078
3.74394
3.97087
3.98975
4.06275
4.22877
4.15971
3.98679
3.90035
4.04974
4.02108
4.00403
4.09647
4.07686
3.75047
4.04067
4.12231
3.90064
4.28948
3.87625
3.93105
4.04614
3.82002
4.0915
3.91012
4.10386
3.72987
3.70676
3.83865
4.29526
4.15582
3.68605
3.89925
3.62275
3.75028
3.96475
4.15435
4.10727
4.02674
3.89078
4.13735
4.66561
3.55183
4.35757
4.59216
4.45931
4.23279
3.96239
3.8546
4.29061
4.04124
4.6012
4.11641
3.73381
4.11135
4.103
4.21111
4.36369
4.04093
3.75966
4.29602
4.0318
3.59543
3.83179
4.22853
4.37851
3.79755
4.04624
4.19551
4.28836
4.28019
4.16899
3.81728
3.9195
4.13179
4.74524
3.93702
3.96778
4.17924
4.08646
3.78418
3.99247
3.8829
3.83543
4.12107
4.32285
4.47379
3.94088
4.4291
3.90951
3.99322
3.89312
4.31644
4.48775
4.20404
3.46845
4.21854
4.09983
4.25478
3.93911
4.33779
4.3651
4.3821
4.25206
4.02317
3.93295
4.03278
3.8963
3.92484
3.52189
4.11592
4.09675
4.30672
4.13372
3.58231
4.19555
3.84694
4.24036
4.18529
3.97777
4.30128
4.00637
3.97587
4.08944
4.12487
4.3778
4.04888
3.85693
3.54241
3.86941
4.00646
3.89541
3.80525
4.12325
4.24482
4.1473
4.14138
3.99027
3.93356
3.96202
3.90778
4.29626
4.03799
4.30807
3.84568
4.03184
4.2359
3.94374
4.03172
3.93919
4.00033
4.18802
4.03772
4.09605
4.16439
3.72511
4.07363
3.88654
4.06492
3.74409
4.26217
4.05601
3.87157
3.92448
4.24851
4.44184
4.23769
4.46229
3.98133
3.90757
4.05188
3.97684
4.53392
4.1998
3.84335
4.33525
4.12937
4.50105
3.82839
4.08531
4.12273
4.1662
3.77547
4.1021
4.23457
3.96836
4.09601
4.067
3.9274
4.00334
4.03096
4.31574
4.11224
4.36664
3.90605
4.19118
4.09458
4.10739
4.15151
4.18181
4.38754
4.58702
4.30536
4.46831
3.97547
3.73225
4.27371
3.89596
4.03327
3.95687
3.85609
3.66691
3.39311
3.87567
4.25707
4.18734
3.81266
3.76181
3.67484
3.81733
3.68666
3.98073
3.79488
3.81426
4.08361
4.15631
4.03761
4.15744
3.59591
4.41634
4.42055
4.33639
3.83726
4.36257
4.01632
4.34676
4.16765
4.16381
3.70044
4.39265
4.1619
4.15181
3.9372
4.09896
4.188
4.05544
4.13697
4.01582
4.70809
4.28201
4.33926
4.24054
4.2018
3.92218
4.22864
3.89285
4.16902
4.53789
4.03177
4.13925
4.17766
3.86927
4.16704
4.07958
4.00934
4.21393
4.10355
3.98506
4.18729
4.14844
4.048
4.03251
4.19729
4.65329
4.02657
4.00914
4.40484
4.045
4.42598
4.29424
4.09972
4.30497
3.84113
3.98794
3.59907
4.10195
3.90266
3.97202
4.2871
4.41186
3.929
4.06469
3.95954
3.98797
4.05389
4.17042
4.25915
3.65535
4.17287
3.93025
3.92516
4.01988
4.09254
3.94056
3.91931
3.99467
4.06364
3.94496
4.26759
4.02789
3.94815
3.67114
3.82991
4.03289
3.97595
4.56456
4.05682
4.54236
4.69838
4.22837
4.50775
3.95295
4.07615
3.92076
4.10824
4.20064
3.77823
4.4296
4.0137
3.98381
4.19853
3.93773
3.94974
3.94319
3.6938
3.48322
3.82495
3.98047
3.83
4.31179
4.07441
4.32748
4.21778
4.02348
3.92134
4.12683
4.13012
4.39171
4.04932
3.73435
3.8551
3.42026
3.93309
4.34974
3.83042
3.90095
3.96003
3.82871
4.05636
3.75262
